#####################################################################
# Alchemist log file - simulation started at: 2024-05-18T10:41+0000 #
#####################################################################
#
# Algorithm = ff_linpro_c, CamHerdRatio = 1.0, NumberOfHerds = 8.0, Seed = 49.0
#
# The columns have the following meaning: 
# time 3-coverage 2-coverage 1-coverage CamDist ObjDist NoisePerceivedNormalized[mean] NoisePerceivedNormalized[variance] NoisePerceived[mean] NoisePerceived[variance] NoisePerceived[percentile90] NoisePerceived[max] BodyCoverage[mean] BodyCoverage[variance] BodyCoverageOnlyCovered[mean] BodyCoverageOnlyCovered[variance] FovDistance[mean] FovDistance[variance] FovDistanceOnlyCovered[mean] FovDistanceOnlyCovered[variance] 
0.0 0.0 0.0 0.0 0.0 0.0 NaN NaN NaN NaN NaN NaN NaN NaN NaN NaN NaN NaN NaN NaN
3.784928060313053E-5 0.0 0.0 0.0 0.0 0.0 NaN NaN NaN NaN NaN NaN NaN NaN NaN NaN NaN NaN NaN NaN
10.000037849280602 0.0 0.0076 0.1288 756.4403 2431.3179 0.06423841210121113 0.02275362865444317 27.787191468975085 27.410616544097014 37.7386695510112 43.799282270077846 0.022363453901957188 0.0034393518182334673 0.1736456420622558 2.4835702262851E-4 0.09675324274105482 0.06611922443847183 0.7512604730481902 0.018914150420114274
20.000037849280602 0.1288 0.1288 0.1439 748.1403 2446.5131 0.09449127567871868 0.040476596940844156 28.760218536918853 35.273429309276636 40.97955038381859 42.82667885732337 0.08830859031507278 0.053861934779916576 0.6856902306817415 0.005774664048254778 0.10580122125472267 0.07801213124910227 0.8215153650366702 0.014006023130405023
30.000037849280602 0.1288 0.1288 0.25 605.9963 2536.9057 0.1082555601869 0.03532811634087772 29.52314526570919 36.01167629101219 40.40259623166279 41.06872382750773 0.11404463779500172 0.05004420728699688 0.4561785511800069 0.04391700338495296 0.20046131101186584 0.12405886713271871 0.8018452440474633 0.010579864318690922
40.0000378492806 0.1288 0.1288 0.3864 463.5345 2626.953 0.14180389841499114 0.0360338148032327 30.75212870110206 40.610057404950076 40.378304264274135 41.22903855773836 0.14932275150125385 0.05071543145930505 0.3864824156503041 0.03938322973033687 0.2975397355345687 0.1476096268063766 0.7701028449130014 0.015536583400776304
50.0000378492806 0.2121 0.25 0.3864 357.208 2702.5935 0.16439415392199805 0.04590699382720678 31.20638733518536 44.18553517732824 40.334181076845965 41.996243726464996 0.17427646866671176 0.05995342757792365 0.4510685071373716 0.029728765242080114 0.2966238854263459 0.14842450077726838 0.7677324093387776 0.019953204270651018
60.0000378492806 0.1742 0.25 0.3864 300.6736 2663.7943 0.208476686053714 0.08514400477427411 32.116461222975424 60.26650772643473 43.63469894495405 48.28677368336302 0.17997652179723125 0.06266463982034667 0.465821585828128 0.02836549928073275 0.298910582729312 0.15120905309478813 0.7736509200052781 0.02153875443723446
70.0000378492806 0.25 0.25 0.3864 288.4505 2668.5786 0.1748435733115207 0.04866994207823187 31.66474905865016 43.94504261682766 40.38864223155971 41.47719880374921 0.21147818813085187 0.08432425603657 0.5473553104563225 0.033408541718867056 0.29983729611908805 0.15277957922228988 0.7760494723082279 0.023327005363297872
80.0000378492806 0.25 0.25 0.3864 232.634 2697.3616 0.18309647955477948 0.04946593464595326 31.990151763472877 43.8570002934105 40.48138629549284 41.46788364715987 0.21056472548474245 0.08265906434718466 0.544991054195804 0.030662204005848615 0.2871526414723858 0.14126211418662898 0.7432186014579397 0.024370900116870726
90.0000378492806 0.2348 0.3864 0.3864 273.2596 2730.0102 0.2182196105557669 0.05996240284153958 32.69340545810956 48.483226505362346 40.75237012756987 43.706218985335276 0.22623242431832616 0.08730830023948324 0.5855427452944912 0.014148363835276859 0.2897210011013578 0.1442376998856804 0.7498661204976319 0.025954593441927715
100.0000378492806 0.25 0.3788 0.3864 242.5971 2763.3476 0.21367539988805742 0.0537201385227572 32.75602446170947 46.379228758605606 40.68051199686297 43.422211570394225 0.24200855437902055 0.09668556197012583 0.6263750819221708 0.0077434048801893725 0.2903513458809881 0.1462309799253628 0.7514976011037339 0.029643856755429906
110.0000378492806 0.2273 0.3864 0.3864 172.2331 2626.4454 0.21740320279274705 0.05340132527445272 32.89425343056683 46.40286349925212 40.480205234790574 42.683087459028926 0.2350235314698712 0.09147788575108186 0.6082961990984902 0.008070508823075109 0.28385899305216605 0.14041575834378384 0.7346938643703121 0.030039160783060438
120.0000378492806 0.2348 0.3712 0.3712 173.8557 2715.2649 0.22096435050761887 0.052830815196115356 33.007759399307304 46.515597810447595 40.606563263111724 42.14413478170266 0.21825883483420339 0.08517314383140139 0.5879625754717315 0.010551158960034437 0.2774081797381642 0.14039162965192964 0.7473036678660749 0.0246818128460238
130.0000378492806 0.2348 0.3636 0.3712 226.1515 2773.1371 0.22611878716381628 0.055005992001626536 33.09759602341913 47.56697106983039 40.676734603225285 42.36518892552609 0.21020054925257253 0.08087259602258154 0.5662545408436648 0.014897245672578325 0.2819272224005803 0.14382807694541735 0.7594774154464613 0.022286194753914235
140.0000378492806 0.2273 0.3636 0.3712 212.1743 2769.0042 0.22723028562444006 0.05510997741330868 33.09043097468045 48.175338490594655 40.722330686079175 42.05545875905689 0.20611590045828856 0.08016020381823998 0.5552509971529406 0.02087424545271926 0.2867057603910526 0.148238385472107 0.7723502116656928 0.021665340724382056
150.0000378492806 0.2348 0.3788 0.3864 169.9128 2683.6513 0.22931195291669795 0.05499806353538261 33.09083381862303 49.081732832427434 40.68540882913435 41.98052360359597 0.2089784474742653 0.08002303081227667 0.5408853934628043 0.02654624927263545 0.2907324830638561 0.14490044292944235 0.7524840738123333 0.02522922801748438
160.0000378492806 0.2348 0.3712 0.3864 174.5229 2716.2816 0.23486292133270145 0.05550686260543418 33.14305712545392 50.41368363342646 40.797500993396994 41.86678220213412 0.2052012691889712 0.07883402295624728 0.5311091673126312 0.02999061430443957 0.2939287053560831 0.14772481979210111 0.760756649156921 0.02479371635138917
170.0000378492806 0.2273 0.3712 0.3864 165.2432 2779.0145 0.24205359229188764 0.055836316852814996 33.18680446849754 52.14968361603876 40.813439285851196 41.816817411913746 0.20831969739606804 0.08029087075763554 0.5391803932604115 0.02840060927224395 0.2912605529188389 0.1466226130960531 0.7538508428487595 0.028452684755190246
180.0000378492806 0.2273 0.3712 0.3864 168.3427 2761.3862 0.24757362110422443 0.05733334342608532 33.17757904567879 53.92563830144441 40.718098754031104 42.25173281734162 0.20986243254558526 0.08159654334946329 0.5431733548238677 0.029116419485194844 0.2943172239555169 0.14965343488808844 0.7617622267083967 0.028888414322830798
190.0000378492806 0.2348 0.3712 0.3864 140.7905 2704.0976 0.24692628710475686 0.05964644894201895 33.095529770107305 55.15842495461318 40.78337772545307 42.790665412534416 0.2093141595850042 0.08256068697802119 0.5417542953964815 0.032606110913597164 0.2878971137561968 0.1427827214531738 0.7451454708983918 0.02655985695907419
200.0000378492806 0.2197 0.3712 0.3864 156.5744 2697.614 0.24390373878966426 0.060665036762136505 32.979374879034175 56.00269043516029 40.75739513827072 44.399505901855996 0.20588704837190283 0.0804536328086681 0.5328841251978662 0.033051935707514475 0.2868797553307259 0.1434817095840528 0.7425123079148199 0.030843045366275385
210.0000378492806 0.2273 0.3636 0.3788 135.6011 2612.1517 0.24005441378103673 0.060019674365646244 32.856853130122076 56.11651329158407 40.838022066957926 43.11918365797294 0.20393849279156095 0.08087089241447 0.5383976209697209 0.03245891755426839 0.28382968138156944 0.14314779456599766 0.7493103588473434 0.026793600300541166
220.0000378492806 0.2197 0.3636 0.3788 173.7459 2617.0244 0.23913940337730277 0.059918658628132095 32.78462695859604 56.77441844393816 40.993963036339345 42.89255780240375 0.20568287603313123 0.08181530075320553 0.5430027927274664 0.031826970577324365 0.2827795480661367 0.14303331976935157 0.7465380068946008 0.029116308429987164
230.0000378492806 0.2121 0.3636 0.3712 192.2655 2566.5309 0.23713936022443807 0.06027385828011481 32.68629670665319 57.40572513180337 40.88197612868033 43.11452566033513 0.1987713942829705 0.07884598916105914 0.5354657968439205 0.031139501846866615 0.28266610791493596 0.14710204718716838 0.761467882546358 0.029278160012618414
240.0000378492806 0.2045 0.3561 0.3712 177.7968 2706.801 0.2338478620074434 0.06116691138310466 32.57804801305196 57.95318145903039 41.00375308482456 42.993565261523266 0.19742331000248256 0.07838472947951752 0.5318342228638305 0.032368590246575644 0.2801438916504637 0.14497566778563467 0.7546733407726778 0.030087311903712666
250.0000378492806 0.2121 0.3561 0.3712 175.4094 2736.6628 0.22747135600566545 0.06129586599588009 32.385996072534184 58.15043362098889 40.776740203867384 43.08561274719694 0.19532532826356944 0.07683538259866407 0.5261825169549218 0.03197839528772901 0.28159307435518904 0.14548326150529034 0.7585772615282644 0.027680597724776074
260.0000378492806 0.2121 0.3636 0.3712 157.64 2701.08 0.22674664002872807 0.06384246585251986 32.31764187109662 59.01508148262965 41.13265641017991 43.430461268708875 0.19608939208854195 0.07687146865978664 0.528240811340562 0.030683782707195125 0.28244897534541613 0.14728453722859208 0.7608829539917332 0.03034778516222064
270.0000378492806 0.2273 0.3712 0.3864 211.8259 2714.9095 0.2232971900227939 0.06425382137041512 32.182767914173645 59.43986612048066 40.82293344633452 43.21906796956149 0.20979176453969967 0.08283987290606995 0.5429904493968697 0.03249828931228193 0.287693259283663 0.1443636668156734 0.744617847557716 0.03119391957190758
280.0000378492806 0.2121 0.3636 0.3864 166.5579 2679.7247 0.22167203794898255 0.06492502428113774 32.07396886279474 60.1324956395873 40.89120840927705 43.10858669214958 0.20156881059758971 0.07627725776470992 0.521707509781997 0.029487276536468206 0.28555479887409313 0.14252750815671675 0.739083008850594 0.03152317746198059
290.0000378492806 0.2121 0.3485 0.3864 209.4287 2721.6588 0.22329872777737775 0.06697771350811144 32.03141967139083 61.39091178068267 41.113443360877014 43.346692892048715 0.20137572904545012 0.07705361074053438 0.5212077692941063 0.031847537008479275 0.27834447416281305 0.137234017999639 0.7204209919508103 0.034702299626805454
300.0000378492806 0.2121 0.3561 0.3788 178.1456 2685.2742 0.22209903630664818 0.06622333544153836 31.798747176254075 68.36782908134704 40.85071751672818 43.023414644278176 0.19816091420694715 0.07670972842965511 0.5231448135063405 0.03159780315729805 0.27588332757552286 0.1373632572133773 0.7283319847993803 0.03097847486059394
310.0000378492806 0.2121 0.3561 0.3864 171.2416 2665.1268 0.22140989186505217 0.06578707734186637 31.747079464531936 68.83866503456346 40.82010500044455 44.043357650893505 0.20196331304659618 0.07655449417890237 0.5227285749441313 0.029546143140579257 0.2764370456352411 0.1365852736471866 0.7154841181147416 0.03743958534249729
320.0000378492806 0.2121 0.3485 0.3712 192.2383 2578.7613 0.220050179573926 0.06268377153936024 30.882809124063023 101.15749784361013 40.718530276272546 44.23536117028968 0.19648807062001983 0.07814879218894244 0.529314802486584 0.033440752095445746 0.27755550734949785 0.1427348881768597 0.7477005504108921 0.030696097607098127
330.0000378492806 0.2273 0.3561 0.3788 192.9717 2795.8857 0.21938330973085385 0.0615739687049728 30.66617343402749 107.75061837131835 40.715631327052904 43.40537236852442 0.20251973013364669 0.08083954961127326 0.5346520875528272 0.034922818105641976 0.2848577132819395 0.14374610271853316 0.7520243630643202 0.02581029272966321
340.0000378492806 0.2197 0.3636 0.3712 179.4522 2744.5627 0.2237106992597621 0.06309676372891085 30.665625215121732 109.54298504827494 40.76026919566531 44.6576255329325 0.2003245420550916 0.07946578088556588 0.5396497867606549 0.029943631136745617 0.27866804981757853 0.1419872364558683 0.7506976035902115 0.0257730560107504
350.0000378492806 0.2197 0.3561 0.3712 148.3781 2657.882 0.2249780616447646 0.06072918888187875 30.165155691162553 128.61791476320457 40.656409154279366 44.61507784326865 0.1979823479778707 0.07808792855542185 0.5333402027158967 0.030528899074401036 0.27998941946415895 0.14376945623947046 0.7542572116177343 0.027198407215577838
360.0000378492806 0.2273 0.3636 0.3864 180.0964 2691.1336 0.22874996487419155 0.05993759495975019 30.00242880022598 135.93137831625836 40.61378981632325 43.48640308905636 0.20546856325896382 0.08005515844492542 0.5318009872584946 0.03272973176314847 0.29150787480908286 0.1461488778171512 0.7544909700940967 0.026607163888203438
370.0000378492806 0.2348 0.3636 0.3864 164.5963 2676.3452 0.23259869975332867 0.060004775526046446 29.847606512855872 143.35295253514644 40.606178493980984 43.66238923789578 0.20634724730104653 0.08093478467497284 0.5340752283085911 0.03351711164311637 0.2887536373751075 0.14395554124890594 0.7473623555591017 0.027561688332164852
380.0000378492806 0.2348 0.3712 0.3788 152.8012 2633.8219 0.23614879242280526 0.060695313234790764 29.55756926239123 156.8663051250756 40.55730846229947 45.602399193519425 0.20579725533238089 0.08107470424334524 0.5433047540774856 0.02963907807402866 0.2893968753953683 0.14856032538859867 0.7640077510437723 0.02716496407456691
390.0000378492806 0.2197 0.3485 0.3712 179.9278 2761.4944 0.23023996856277096 0.05802561493617014 29.41783788206349 155.4000210707429 40.47507109980328 45.09132825027823 0.19609563862283644 0.07650492359261085 0.5282576387390696 0.029672008572497466 0.28795515830939594 0.15128526349522747 0.7757159366702094 0.02663630987655222
400.0000378492806 0.2197 0.3636 0.3788 200.3337 2705.7467 0.22641219061269907 0.05985120701787937 29.11899585194213 161.13696048099655 40.56110115745887 46.11351655583221 0.204476905246583 0.07965666559150177 0.5398190298509791 0.0282412280383909 0.28835045343251986 0.14959082931782144 0.7612451970618525 0.03259093929496576
410.0000378492806 0.2197 0.3712 0.3864 181.1939 2620.1462 0.22002009147152976 0.059450417464696786 28.566576716275996 170.6636980852367 40.5836387792901 44.06052088860547 0.20518989192974083 0.07801585514517592 0.531079720288741 0.02786659201272052 0.2904664502559844 0.14537710988458086 0.7517955183096067 0.027126399552368476
420.0000378492806 0.2273 0.3636 0.3712 178.4926 2750.7082 0.2150744657388528 0.060227272360136315 28.343490476723275 169.52299601715964 40.4987655103961 43.01873683238534 0.19972920893456853 0.07826563054250596 0.538046032231899 0.02777763343456804 0.2808334700891745 0.1423954207607615 0.7565309806483884 0.02124343366764962
430.0000378492806 0.2197 0.3636 0.3864 150.3769 2719.5091 0.20984682001084595 0.05943374684336738 28.13630571570721 168.27836550511398 40.444747501435295 42.90078305688248 0.20677248250079636 0.08003299948318515 0.5351758370608848 0.03041784767224135 0.2916838265011959 0.1472138790094502 0.7549463744736835 0.028967214363064132
440.0000378492806 0.2348 0.3788 0.3864 164.6752 2654.1919 0.2113620166107229 0.06158454010575532 28.018392917932847 169.13260041124224 40.545083667310244 43.15354340973065 0.20910087699429852 0.08036329263691375 0.5412022698675962 0.027223118506510637 0.2913607925478294 0.14499102056399546 0.7541102865943818 0.0239330372292795
450.0000378492806 0.2273 0.3788 0.3864 156.7188 2680.9988 0.2079567109374275 0.060338187258557 27.85277010690626 168.40124521207952 40.46168237804311 42.722037770749495 0.20876856138681354 0.07985924211646728 0.5403421588835174 0.026484756974998157 0.294180547949758 0.14785983460090302 0.7614084770464324 0.024526434608766846
460.0000378492806 0.2197 0.3788 0.3864 158.5312 2642.1889 0.20912148276855796 0.06160916311053426 27.757351037344527 169.227119215011 40.541933971841104 42.86818283665561 0.20701137130559413 0.07865127492726873 0.5357941374968318 0.02638326410148246 0.28899960465353036 0.14367730440409754 0.7479989767503139 0.026236855668156655
470.0000378492806 0.2348 0.3788 0.3864 174.4507 2724.5991 0.21056284480842638 0.06273089576852642 27.669024096694475 170.2806182858654 40.606837001440866 43.6276581142897 0.20889232431683133 0.07971616816290945 0.5406624864670928 0.025893166166997106 0.2890690803985096 0.14386058703081636 0.7481787963255543 0.02654866028420244
480.0000378492806 0.2348 0.3712 0.3864 188.4557 2729.9269 0.21363792151088673 0.06501674175852765 27.60848477995047 172.04881251440125 40.73793652315532 44.041786013772594 0.2088568700954389 0.07977282808225131 0.5405707225999595 0.026103716691817533 0.2848077743981551 0.1396597553353303 0.7371495337364015 0.025796171653159627
490.0000378492806 0.2348 0.3712 0.3864 183.0684 2643.7557 0.21377663938253638 0.06429370943184758 27.212086782387576 182.92408132381166 40.69427530657921 43.68278252909284 0.2078904789032649 0.08037107909753316 0.5380694748084504 0.0293598035376627 0.28722020629103967 0.1427653072336021 0.7433934751062203 0.028146548765854287
500.0000378492806 0.2348 0.3712 0.3864 185.7842 2721.0755 0.21503667474393517 0.06199660232553305 26.214191839838374 213.37208109839497 40.61853089189303 43.00595929205543 0.2072611916482143 0.07984869825252425 0.53644073132479 0.02908657016032872 0.29042063416547637 0.1449922170726383 0.7516769354871153 0.026229571217709226
510.0000378492806 0.2348 0.3636 0.3788 150.4847 2670.4685 0.21746239470964052 0.06286771915478642 26.062957014003253 219.67911183966257 40.590753845370045 44.800611656703914 0.20185202763848886 0.07889841789576854 0.5328893529656106 0.03092611100599729 0.2913336275270087 0.14976791678136933 0.769120776671303 0.02542440687118446
520.0000378492806 0.2348 0.3636 0.3864 211.2947 2802.0222 0.21950950608601252 0.0626533957899764 25.570478287888932 234.89670165875182 40.62730892477226 44.51482322014997 0.20598247562101996 0.08087659159186897 0.5437937356394927 0.028772472392007514 0.29054514238919554 0.14816970100372287 0.7670391759074763 0.023178597790879888
530.0000378492806 0.2348 0.3636 0.3864 181.1897 2737.543 0.22038814744924742 0.06172649820187101 25.23441428248978 244.64304533485856 40.66208516500596 44.22771417335057 0.20593505267730908 0.08070555209142313 0.5330083716353882 0.03362907299343621 0.2890575086041421 0.14389855547651675 0.748148845798956 0.026676188229102515
540.0000378492806 0.2197 0.3485 0.3864 173.1813 2783.692 0.22650040935353374 0.06515768645789215 25.134871315878524 252.5164432289279 40.71150943486093 45.36086419397329 0.1984986867495012 0.07804409754726534 0.5240365330186831 0.03457327678424878 0.27133661417015775 0.13276060383673455 0.7163286614092164 0.02966553522014528
550.0000378492806 0.2273 0.3258 0.3788 165.2433 2595.1321 0.23059308847938986 0.06767649718208386 25.17758511707189 255.02315094564145 40.8444311238122 45.76924913053883 0.1925994820724426 0.07500325927043609 0.5084626326712485 0.03663666344003943 0.27205234326525746 0.13671616923791188 0.7182181862202797 0.0385223886966648
560.0000378492806 0.2121 0.303 0.3485 166.7037 2655.6118 0.23272254578032858 0.06967896927231582 25.224320961524025 257.51381424448175 41.0213109495988 46.746390807975196 0.18222082309726012 0.07546923164088046 0.5228945358443117 0.0376043086999746 0.25945276279694357 0.13908978045457743 0.7445166236781859 0.03574240606345906
570.0000378492806 0.2197 0.3182 0.3636 229.1688 2681.1711 0.229507581509451 0.06607581914392041 25.12178492700093 255.29339517283557 41.105940028273736 44.14023348679058 0.19088530623535352 0.07521224428687548 0.5249345921472222 0.03054916531987778 0.2673254418830282 0.14059825059732706 0.7351449651783276 0.040647719243445
580.0000378492806 0.2348 0.3409 0.3636 194.2543 2637.3401 0.22939405835326107 0.0666971463201998 25.600512902112456 242.43088999797408 40.69314985109624 44.693838394076515 0.19635099650847082 0.08096158085024742 0.5514538625344286 0.03048463650501254 0.2629757919983506 0.13731584064089955 0.7385703094421762 0.032155556474692544
590.0000378492806 0.2273 0.3333 0.3712 170.065 2603.569 0.22953614350999738 0.06758390234293295 25.889227058837726 233.93548413255334 40.67432340382205 45.84192142824279 0.19615262207119194 0.0809099968114413 0.5394197106957779 0.03641038229171347 0.2631709778863946 0.1352011831592508 0.7237201891875851 0.03643690216752096
600.0000378492806 0.2121 0.3409 0.3561 188.1324 2643.7996 0.23140688755038225 0.069628346056071 26.066519633160844 230.92607053131897 40.794247455692684 46.62613223509834 0.19630038387902873 0.08014721700335209 0.5513117164262084 0.028268604214437085 0.2628719033676817 0.13795120539852293 0.7382785371177443 0.034248472705572096
610.0000378492806 0.2197 0.3409 0.3561 183.188 2646.9284 0.2284478441274521 0.06928916098370361 26.930846432048178 200.6072433557634 40.898166220582056 46.17317842021418 0.1941322261682506 0.07939898915829914 0.5452224224299804 0.030530912103631215 0.25848182266424063 0.13075669720369498 0.725948948759144 0.025637732643163554
620.0000378492806 0.2121 0.3258 0.3485 158.9644 2652.0422 0.22719654754422808 0.07194962141270875 27.866159212425355 170.6999085493235 40.813009435927185 47.37131863179656 0.19011030484222266 0.0794717474805999 0.5455339182428998 0.03314665873445876 0.25394649908888856 0.13118282485484958 0.7287160408637671 0.028227327532448145
630.0000378492806 0.2197 0.3333 0.3636 184.745 2611.9751 0.22433253885128368 0.07157193412328015 28.41470498080421 148.0601234240516 41.110493003007605 47.28576870145551 0.19541979032126933 0.07866524892503454 0.5374044233834906 0.031564106200260934 0.26260473758653924 0.13230126578109153 0.7221630283629829 0.02981739324370708
640.0000378492806 0.2273 0.3485 0.3636 184.0596 2734.2702 0.22150803690365548 0.07033482372651663 28.517180827906557 141.82083781823326 40.79742563126956 47.78043282881534 0.19879119065536754 0.08014453045684045 0.5466757743022608 0.029155104924740508 0.2748436825261936 0.14309608318058584 0.7558201269470324 0.027575880578373853
650.0000378492806 0.2273 0.3333 0.3636 166.9089 2580.4914 0.22116795400103798 0.06753232572920043 27.700590217676 167.93777246283986 40.70126117169186 46.39042817793633 0.19550742572697524 0.07871505274892437 0.537645420749182 0.03153454145287811 0.2778319353050005 0.14671910112497422 0.7640378220887513 0.02955696339941024
660.0000378492806 0.2273 0.3409 0.3636 174.2661 2698.9366 0.22225910188302195 0.06824020328829365 27.213546195400173 184.12369120136853 40.50970025540098 47.07819166086119 0.19658153469877113 0.07796896057404543 0.5405992204216206 0.02738511882925281 0.2737001353490926 0.14384355837162255 0.7526753722100047 0.032742311529079964
670.0000378492806 0.2273 0.3409 0.3788 199.5304 2619.9359 0.21915694637045835 0.06659002094698713 27.11756496691661 181.84246894484008 40.64212778408468 46.45813061018671 0.19941685102113496 0.07808321179491343 0.5264604866957964 0.03306373805574335 0.2757349077589982 0.13839205487059628 0.7279401564837553 0.03409063698110903
680.0000378492806 0.2273 0.3485 0.3788 172.5757 2738.344 0.21591722495808316 0.06452721482389269 27.02667019344065 179.97690873160673 40.55953075582995 45.454661552235265 0.2020332816806971 0.0796422323626753 0.5333678636370403 0.03259125577865553 0.2801188095465087 0.13975579016294004 0.739513657202783 0.02697082279234316
690.0000378492806 0.2348 0.3561 0.3788 149.3013 2634.0257 0.2135200120357715 0.063508132454418 26.963977649610328 178.9479838620509 40.40176067461136 45.23716795411522 0.20418744894897795 0.08099067085864516 0.5390548652253018 0.032330252755583315 0.2867518934555614 0.1461985543777666 0.7570249987226821 0.027583383219994914
700.0000378492806 0.2121 0.3561 0.3788 147.4386 2787.4329 0.2137075447556929 0.06392006089741574 26.919199870578325 178.4153931424989 40.55716310771673 44.16961245162264 0.20371715411197186 0.07993261673216252 0.5378132868556057 0.030349098532311426 0.2833597693203553 0.14332576519883233 0.748069791005738 0.028446914306616587
710.0000378492806 0.2273 0.3485 0.3864 171.1317 2747.4357 0.21046877408320686 0.06261888056723904 26.825823579765334 176.9396906763149 40.55048858273102 44.5469304398846 0.20358630031552524 0.08096610058967925 0.5374678328329866 0.03334755085698328 0.2900358746845175 0.14759424442690075 0.7656947091671262 0.02294639537402578
720.0000378492806 0.2197 0.3409 0.3636 158.7242 2624.4172 0.21121214614594816 0.06396782144162802 26.8116848688575 177.1177913013894 40.52547829523242 45.47521300408755 0.198725507736094 0.07963770479759799 0.535342184105396 0.03338518955264827 0.27878566528209187 0.1415864345778537 0.7510144452497168 0.02437378758334081
730.0000378492806 0.2045 0.3485 0.3712 175.2613 2764.1299 0.21038337130509316 0.06356949227549408 26.758762482573104 176.29213077218984 40.44686824297759 44.26759207832828 0.20079443813513723 0.07901372485966043 0.5300973166767623 0.03311570086067466 0.2783215660841915 0.14009844254102585 0.7347689344622657 0.03232099281247468
740.0000378492806 0.2273 0.3485 0.3788 206.0351 2611.9868 0.21248569771086775 0.06492966141899552 26.757774517955166 176.54247235762057 40.66034631223038 43.22508808245692 0.20251083204802212 0.08133190248815984 0.5346285966067783 0.036255030759949236 0.28004161212852624 0.13934143661801013 0.7393098560193092 0.02605410681025651
750.0000378492806 0.2273 0.3712 0.3864 190.8528 2675.604 0.21213086568493245 0.06496857040613246 26.724650929346744 175.9818217845346 40.68786637495712 42.872607603685026 0.2092364951664355 0.08191532067486537 0.5415532816072448 0.03105154901334955 0.2885737244756919 0.14385756053658824 0.7468966986429673 0.027740493961742604
760.0000378492806 0.2273 0.3636 0.3864 177.6338 2653.3203 0.21246192530146063 0.06548887557913827 26.71436824715633 175.81723588098671 40.76417023874332 43.263852060878094 0.20805804823820306 0.08148594195573486 0.5385031836753491 0.031988495311831365 0.28281768778246347 0.1390761654380671 0.7319987213193173 0.029003612414071994
770.0000378492806 0.2273 0.3561 0.3864 183.8991 2770.5691 0.20943256534225746 0.06359557371614796 26.65629044128732 174.3153199406421 40.535791731529216 42.65379348806689 0.2016408861131232 0.0776667575414445 0.5218940581751425 0.03300591259545704 0.2850471872262345 0.141296501764393 0.7377691904679011 0.0295124018673265
780.0000378492806 0.2197 0.3712 0.3864 177.6691 2733.9361 0.208018184491883 0.06300428853034619 26.62755085600203 173.60823472244493 40.47010923166684 43.372964798269 0.20615750862495538 0.07851928583239541 0.5335841399704727 0.02751667824115059 0.28675735684422893 0.14191718743538614 0.742195511832122 0.02703839344061242
790.0000378492806 0.2273 0.3636 0.3788 160.1203 2704.8665 0.20966007921501084 0.06497658602112226 26.65235248605606 174.5310556955591 40.51090714388324 46.07298635119197 0.20345745543751997 0.0786541222307709 0.5371276823550527 0.027398249581143636 0.2822797482770107 0.1423493336608204 0.7452185354513083 0.028535397152769048
800.0000378492806 0.2197 0.3788 0.3864 190.2202 2774.57 0.20984904263030657 0.06436792666934339 26.64658385772585 173.85843953935606 40.592436057487774 43.360313261181645 0.2082210992581475 0.07937831248076471 0.5389251980799111 0.026181911296979252 0.2850139903007634 0.141585157613968 0.7376832690137406 0.030348028579454085
810.0000378492806 0.2121 0.3561 0.3864 186.3228 2768.5467 0.21254956236447337 0.06682399087588263 26.69033595055461 175.18650840774535 40.663645409619875 44.962087274210916 0.2010084022186329 0.07698940917508985 0.5202570410364616 0.03229907280872791 0.2779532805569758 0.1383782932183315 0.7194084908533492 0.03861276908099317
820.0000378492806 0.2197 0.3712 0.3864 172.9086 2652.8411 0.2117112768590564 0.06583013416653599 26.675326006085346 174.51619614402284 40.666451414248456 43.89246251494854 0.20778086336996188 0.08063304609642528 0.537785764016372 0.03023720439689244 0.2821809483999485 0.1393466179132017 0.7303506899763373 0.03122063734601902
830.0000378492806 0.2348 0.3712 0.3864 160.9395 2787.6601 0.20989551418292 0.06449578235477589 26.663080194239157 173.67372227086824 40.448506988920364 43.39148774343755 0.20926051281949723 0.08195148661222158 0.5416154449445811 0.031104159192718167 0.28276671571923145 0.13903583103742514 0.7318667936262462 0.029018814602247218
840.0000378492806 0.2273 0.3636 0.3864 165.4021 2725.2635 0.2109349797375815 0.06497914138059888 26.683397851625106 174.02004703201854 40.67096221143713 42.8906630715779 0.20664134868236347 0.08072676834025425 0.5348364318837643 0.03246283204500943 0.2830892388156398 0.13930352152945286 0.7327015592875383 0.028954945156824653
850.0000378492806 0.2197 0.3636 0.3788 143.5208 2686.3681 0.21224483365696714 0.06584786464461141 26.719110729886424 174.56280043059874 40.834901864135084 42.75229440376143 0.20417432176842307 0.08045496883316015 0.5390202094686369 0.03092175287244739 0.2720058256591059 0.13356139589452576 0.7180953797400396 0.03020000970188207
860.0000378492806 0.2197 0.3561 0.3788 152.8554 2695.2962 0.21073482852506573 0.06498633108242904 26.730486618997084 174.1505693295023 40.51218555408876 43.50661467468376 0.20234151009388093 0.08013041313190461 0.5341815866478457 0.03334573857005134 0.2757465122955613 0.136893375125397 0.7279707924602818 0.0300556890073959
870.0000378492806 0.2121 0.3561 0.3712 183.5811 2780.3262 0.2098007616330387 0.06443927501074968 26.74287665568825 173.98220913748256 40.49765903266371 43.93386625180347 0.19758179357254763 0.07774232710605561 0.5322611581954344 0.030323757608689356 0.271276738028348 0.13590391037300942 0.7307863146886109 0.02810520967441803
880.0000378492806 0.2121 0.3561 0.3788 186.3969 2714.8462 0.2129698249177588 0.06353204958904395 25.880292916544505 204.0487903640615 40.593208777677795 43.11768396293861 0.19863755386607784 0.07688379056354024 0.5244031422064455 0.031227584824546566 0.2786167006350651 0.13873631468616815 0.7355480896765718 0.027953198117365192
890.0000378492806 0.2121 0.3485 0.3788 152.0407 2768.5924 0.21771295231219376 0.06290480204488261 24.720222297782463 242.25053936992686 40.553200975987956 43.63116949069202 0.19288609615241914 0.07248522543216868 0.5092192938423865 0.029416656209890545 0.27222167589105106 0.13417404885234893 0.7186652243523749 0.03131893375257797
900.0000378492806 0.2273 0.3561 0.3864 232.6193 2760.4157 0.2163299538894996 0.06182140861247981 24.60932176156105 246.4689810112885 40.43196682109145 43.597459325712094 0.2002960133170385 0.07591113404303157 0.5184132109382172 0.03067269016181076 0.2754500949646787 0.1332741636436126 0.712929657555639 0.031048310905790105
910.0000378492806 0.2045 0.3712 0.3864 136.5112 2704.3326 0.2172318774733152 0.061890993030878645 24.661691908552914 247.1250691071793 40.62961204397356 43.8108720668225 0.20190455132795782 0.07549022810806894 0.5225764857900085 0.02685727278842501 0.2722866020115608 0.1317582962065077 0.7047417934416869 0.03434210392558223
920.0000378492806 0.2197 0.3485 0.3864 157.4717 2690.7362 0.2200284544157012 0.06331906036558364 24.744708585631898 248.7072867918246 40.86233855929946 43.43265467470112 0.1971120131470435 0.07328785852089519 0.5101722693217596 0.02910523477109704 0.2789577536051379 0.138383427393973 0.7220083034485923 0.03628068042108177
930.0000378492806 0.2273 0.3485 0.3788 185.8158 2695.0097 0.21522287015117594 0.059935309087855715 24.697093883804783 246.79376019151763 40.65282831421606 42.80990141784062 0.19546551397704923 0.07428035134398461 0.51602895689941 0.029790307601969563 0.27888169614117175 0.13851727715891857 0.7362476778126934 0.026714922694067292
940.0000378492806 0.2197 0.3561 0.3864 180.9351 2680.1404 0.21859010230522857 0.06181306027624832 24.7747999787019 248.5374987669313 40.84866208177249 43.090265197799894 0.2014751709086029 0.07660418002545022 0.521465148234031 0.03050205828808334 0.27766602541241087 0.13566179107405932 0.7186650069497693 0.032164745760020444
950.0000378492806 0.2273 0.3636 0.3864 170.8052 2598.9455 0.21947512085377666 0.06221027519846566 24.833267765953522 249.3724221107355 41.01880374514569 43.16614359994391 0.2025539504078289 0.07651256438313309 0.5242572834084983 0.028434496952970352 0.27822091993207465 0.13673866622189387 0.7201012045300756 0.033692809800306894
960.0000378492806 0.2197 0.3712 0.3864 145.5408 2771.1092 0.21263124680877124 0.05737123261292173 24.752423411894885 246.50443130849536 40.51655889690828 43.07807759522932 0.20366462895224413 0.07711142758361898 0.5271319808175731 0.028111754632124092 0.28420241359680254 0.13936552911532687 0.7355827175446654 0.026469584645568194
970.0000378492806 0.2121 0.3561 0.3864 163.4611 2694.978 0.21507264616803262 0.05767394979926143 24.32907139593073 260.62755906884337 40.520009803545584 43.20296995649531 0.20036815977940411 0.07568635855456572 0.5185999429584578 0.029962575116651794 0.28205363423754726 0.14003361821111363 0.7300211709677694 0.03332177827938728
980.0000378492806 0.2197 0.3485 0.3788 142.6042 2637.9822 0.2207750183855255 0.059662105511137146 23.616158825383295 283.89570356810725 40.61161033499744 44.270979287531404 0.1971385339666747 0.07675653484335496 0.5204457296720212 0.03350844072704688 0.27563505750300726 0.1374945859152112 0.7276765518079392 0.031934509436665814
990.0000378492806 0.2197 0.3561 0.3864 165.1983 2683.708 0.22356260713424728 0.05759927067243334 22.25317461004522 319.0948684749497 40.53979090158444 44.39020797177112 0.20116173726829234 0.07868636825778612 0.5310669863882919 0.03158826366485997 0.2798514627830319 0.1404152216194401 0.7388078617472043 0.02939518866226152
1000.0000378492806 0.2197 0.3485 0.3864 159.6035 2587.4821 0.22170360056365282 0.056071879494961493 22.2278261490317 317.89978885893936 40.608155616851974 43.18503704542955 0.1995936576357791 0.07663308129096315 0.5165953491749578 0.03374184146199464 0.2819825420008674 0.13869156673112537 0.729837167531657 0.029973734444939698
1010.0000378492806 0.2045 0.3409 0.3712 129.2183 2645.2159 0.22225189203919476 0.05649904670946932 22.25205336764669 318.4655236413991 40.51769870159421 43.55623473930478 0.19502459129350763 0.07791495409236976 0.5253723683825104 0.035471559962129855 0.27228733652098747 0.13735101782266262 0.7335087432810274 0.02949576139317554
1020.0000378492806 0.2121 0.3485 0.3712 204.2874 2720.516 0.22162919376083384 0.05594744149688802 22.244200580141875 318.3374999259103 40.34575464448982 44.52833241504087 0.19509748942168004 0.07835358105523928 0.5365180959096201 0.03131402342063611 0.27807874631013313 0.14582228398830352 0.7647165523528661 0.02638297678623071
1030.0000378492805 0.2273 0.3561 0.3788 184.2357 2701.8584 0.22242356252516624 0.0556184414472816 22.252895274985093 318.65830361110665 40.464179623927464 43.13836441391273 0.20000694374154737 0.07711319806381893 0.5280183314776851 0.029429135988867452 0.28251902179121047 0.14220194075369294 0.7458502175287957 0.02754429759787778
1040.0000378492805 0.2197 0.3485 0.3712 156.8047 2741.8061 0.2192324044311843 0.052997513516142916 22.228864768124595 317.4870956807006 40.47545068691746 42.42294685699366 0.20074297831094337 0.07780519315874727 0.5299614627408905 0.02997601684294319 0.2857566259618079 0.14661375145650138 0.7543974925391729 0.03121074915171869
1050.0000378492805 0.2273 0.3561 0.3712 204.6145 2667.1981 0.21927878375547574 0.05191303271549652 22.239336497084786 317.82718049111764 40.43339466143204 42.35447413375855 0.20028479948038436 0.07945135470208922 0.5395427251308313 0.02997842344411633 0.28764506302551274 0.1491917384739814 0.7748805779462793 0.021754170991697047
1060.0000378492805 0.2197 0.3636 0.3712 183.2215 2675.467 0.21861881785651657 0.05034787731769378 22.258581142284356 318.20144590886787 40.315297255427915 41.634662201128656 0.20225445464552966 0.0810461714981145 0.5448487349634676 0.030637656555052652 0.2893475054239783 0.15069207295226356 0.7794667493054109 0.02127313584442735
1070.0000378492805 0.2197 0.3636 0.3788 206.9661 2671.6123 0.22409960993108738 0.05126340953017398 22.36835558758066 321.63192673634535 40.51505837300134 41.83485346830001 0.19879578842565396 0.07619532146951231 0.5248208814437264 0.029109148530208864 0.28803662946110986 0.14519840896697261 0.76041670177733 0.02164707644635914
1080.0000378492805 0.2121 0.3561 0.3712 206.5777 2690.1603 0.22208452324681832 0.04703713283241369 22.37149389913139 321.4806137810343 40.26845362941636 41.49557456701825 0.1962302388164135 0.07676399443812654 0.5286202351789098 0.030133071813122084 0.29196438040828426 0.15389537972560238 0.7865162900794597 0.022929400312207433
1090.0000378492805 0.2197 0.3636 0.3788 223.6076 2602.287 0.2304787074724932 0.047702162906085574 22.513198135530516 326.05218630123767 40.42882569328631 41.468105895985644 0.20022830442524425 0.0767875054899185 0.5286027236826449 0.028166991812671342 0.2885704176005253 0.146569788492145 0.761825902465387 0.023953631628115448
1100.0000378492805 0.2273 0.3636 0.3864 177.0593 2610.6613 0.23959358149860216 0.04904375564760613 22.64621934227504 330.8287207689688 40.452517362572564 43.34475581597342 0.20414911243058645 0.07843559524337848 0.5283859380556355 0.030752636692377024 0.288726147002499 0.14381211378753583 0.747291204006468 0.02725247188827772
1110.0000378492805 0.2348 0.3712 0.3864 164.5316 2592.2642 0.25428968916323413 0.05042658524989677 22.849910913156652 337.7151896455066 40.382016966296646 43.34662555619792 0.20518711726479044 0.0787674191717991 0.531072538802987 0.02984046409143834 0.2921928433368005 0.14722859657442136 0.7562638298128955 0.027759619456774874
1120.0000378492805 0.2348 0.3636 0.3864 155.4577 2707.5218 0.271232551016135 0.0549176970048129 23.059154575448872 345.39901882460725 40.50331662544957 43.63766005757094 0.20495810785639954 0.0798276986721163 0.5304798085695047 0.03301222725184696 0.2898105961819745 0.14455327863238657 0.7500980136474634 0.026563698918113304
1130.0000378492805 0.1742 0.3636 0.4167 198.0722 2698.9369 0.29582555395832677 0.06564852958492935 23.373792137392297 357.5536146651158 41.44841016088595 44.53965587170447 0.19894983775259906 0.06933378841140436 0.4689531889882692 0.03621938284223059 0.3206592494597019 0.14966338156223988 0.755839659440726 0.021563866611541384
1140.0000378492805 0.1288 0.3561 0.5076 230.3858 2680.4562 0.30353565969005275 0.0808715942613061 23.551138837739213 368.94105384338843 42.90154353672749 48.57551385764815 0.18858952657426462 0.050985547916063266 0.37154951504183475 0.032189912316104165 0.37410896417659983 0.15098427194631384 0.737050496586734 0.02812154191534642
1150.0000378492805 0.1364 0.4394 0.5152 247.1857 2626.5106 0.3199230167940176 0.08687363800264873 23.754709393041942 376.7340436065888 44.417453038183865 48.205233264380205 0.21767889694133188 0.060200081817048286 0.42255315288611484 0.029842281313374797 0.38741830241277353 0.15491213098085002 0.7520472929189133 0.024576843027735225
1160.0000378492805 0.1818 0.4697 0.5152 192.1635 2682.2334 0.31204770929015585 0.08086743021005657 23.58944630428063 371.2970742687148 43.23046484844601 47.36594934083739 0.23336965260156325 0.06601573722044396 0.45301167857950514 0.028090062393835137 0.3975279811570601 0.15842621774294993 0.7716719634225284 0.016733102526795014
1170.0000378492805 0.3333 0.4773 0.5 295.0695 2621.7624 0.2875487590151798 0.05827880396648935 23.119510460996576 352.6699349530322 40.837357105102654 43.10322200884198 0.2868586701064046 0.0973751651058087 0.5737173402128092 0.029140681163885497 0.36529666819958095 0.14774145231724412 0.7305933363991619 0.02676664135785604
1180.0000378492805 0.3258 0.4773 0.5 209.9548 2624.8896 0.2875643614776939 0.0581400365689858 23.07993225952145 352.8549322032592 40.55142115197302 43.06979510609959 0.28507095079417916 0.09565406971509954 0.5701419015883583 0.027748371237446223 0.3678072520032405 0.15060422277322158 0.735614504006481 0.028798555886721314
1190.0000378492805 0.3333 0.4773 0.5076 232.6081 2589.0024 0.2922733841236248 0.061130469438192434 23.28045775789602 351.6449647168256 40.6758304837535 44.22146204155473 0.28492496879900003 0.09501416571199317 0.5698499375980001 0.02662769711871455 0.36196996324863817 0.14746041387451425 0.7239399264972763 0.031113486934219593
1200.0000378492805 0.3333 0.4318 0.4924 155.9454 2626.0536 0.29590101658504914 0.06712968487669196 24.42540214705855 325.807237930327 41.14091362855753 45.49368630264673 0.2763290587249279 0.09342166034171925 0.5526581174498558 0.03321561041413879 0.35398556678509563 0.1434098181826918 0.7079711335701911 0.034558815768719636
1210.0000378492805 0.3258 0.4394 0.5 195.9713 2689.391 0.2978380833419148 0.07134752887090003 25.40227614834907 300.69821631691923 41.46561867824384 45.46969391082385 0.26776138923755105 0.08999256434918153 0.5437615904516421 0.03178024820669053 0.338415042677623 0.13766363792806338 0.687242855899173 0.03830506408082251
1220.0000378492805 0.3106 0.447 0.4848 259.3256 2754.6966 0.3089238282912775 0.07496326709827847 24.467151713298872 336.9414152851269 42.34132249763201 45.20258932511108 0.2612268534713789 0.08378133581076527 0.5387803852847189 0.022297928056009553 0.3231202602025835 0.13128380641273182 0.6664355366678284 0.04055775566596167
1230.0000378492805 0.25 0.4167 0.447 200.9301 2703.5591 0.31166697284853884 0.07914350266020194 24.569659142167012 340.4977997827576 42.65620170282848 47.47874275838264 0.21541054132341927 0.06968185019526714 0.48193544838459906 0.026722450702734192 0.3164814405367985 0.13826267680450785 0.7080601720484306 0.030241271122710803
1240.0000378492805 0.1136 0.3636 0.5076 261.0487 2700.354 0.3070873581676328 0.07193087143228549 23.39054691220958 364.79079930944926 41.66450506290414 45.650389940838416 0.2107488948790017 0.060847286117531596 0.4152067779705705 0.03459409783582846 0.36876571251138895 0.14651250219363687 0.7265234933060201 0.026947512107949788
1250.0000378492805 0.1212 0.3788 0.5076 189.5477 2753.9783 0.2675563703497703 0.05210517151316219 22.842430438887078 344.0020728704716 40.59435636754723 43.5040923420998 0.21553857557865547 0.062300034361255426 0.42464316382660483 0.0335159186120977 0.3748745547693775 0.15038001319368946 0.7385588243217586 0.025809584088839457
1260.0000378492805 0.1212 0.3712 0.5 177.3146 2635.4681 0.2517985778039754 0.04686271939646278 22.647588220771368 336.3998704529151 40.342463208777765 41.90677808205659 0.20362851141003555 0.05697668736532776 0.4072570228200711 0.03062496489017066 0.37111250159955567 0.1519786480542565 0.7422250031991114 0.02660877488874164
1270.0000378492805 0.1288 0.3561 0.5 161.7202 2750.9939 0.24637271763202476 0.046705936848897546 22.596381253954043 333.8992213657491 40.294335649204086 42.37630093391755 0.19629949032667152 0.05549368600271566 0.39259898065334303 0.033588495372681625 0.3639148120899452 0.14940162755797842 0.7278296241798904 0.03215886876274516
1280.0000378492805 0.1136 0.3485 0.4773 161.9996 2789.5323 0.23828771384664602 0.04503136436329559 22.504178257073455 330.0018215398123 40.44757622259616 42.08423312277879 0.1824394138448399 0.05137213707812097 0.382254009960617 0.030932489170275648 0.3514160948135849 0.14979622858724054 0.7363003891332255 0.028543665115531525
1290.0000378492805 0.1212 0.3561 0.4773 165.0544 2658.9872 0.23265907656390813 0.04423539040938942 22.452152203124832 327.2885379680986 40.439878987668266 42.21989727792384 0.18553840473401537 0.052857327081784776 0.3887471337284132 0.03141146384142478 0.349439415535641 0.14853146532353284 0.7321587754080097 0.029101736659517145
1300.0000378492805 0.1136 0.3485 0.4924 188.7107 2703.6586 0.2366690423459924 0.045599624598754954 22.556089877057822 329.32128776616565 40.427004767325386 43.229411771264175 0.18673098618055717 0.0534806939227627 0.37920754116666994 0.035339287956694346 0.3606473030949614 0.15001712916431256 0.7323914462851524 0.03054998322474294
1310.0000378492805 0.1212 0.3485 0.4848 146.1369 2567.2137 0.23887911954321958 0.04824326423181943 22.601754136760142 330.1233855009353 40.53022305752915 42.529660947056975 0.1802015081139735 0.05268937386326494 0.3775650646197541 0.035608067520149694 0.3570467706084934 0.15485162959308135 0.7480979955606528 0.02992340824441946
1320.0000378492805 0.1136 0.3333 0.4848 154.033 2683.6251 0.23628828839998675 0.04829943648796305 22.609676352465613 329.2309984679293 40.52509766813623 43.888428130346114 0.17706906865941838 0.051499828223603744 0.37100185814354325 0.03570425332769533 0.35509331642655734 0.1528867280557506 0.7440050439413582 0.029015601603369374
1330.0000378492805 0.1136 0.3409 0.4848 168.5183 2744.8471 0.24055718174792198 0.05123290534815403 22.730614164314947 331.76833415362086 40.428821342839846 44.3459704383833 0.18242871268529726 0.05374927456893842 0.3762592199134256 0.03767622190548996 0.3579071231829619 0.1520424388433176 0.738183441564859 0.030982283742123855
1340.0000378492805 0.1136 0.3485 0.4773 163.5975 2680.528 0.24285644332574552 0.05218049814732534 22.830202378050853 333.3862248016061 40.56380066659782 45.08417751497874 0.17852221968833976 0.051477261279147944 0.3740465555374738 0.034451666994141414 0.3626161307340836 0.15774913243849797 0.7597671310618894 0.02669956377493518
1350.0000378492805 0.1136 0.3333 0.4924 158.0004 2757.638 0.23778256095824288 0.04944176844134545 22.793012438194356 330.46599921257723 40.70575066877326 43.07963672186248 0.18056805188937464 0.051137657560879846 0.36669204383688386 0.0353557966335153 0.36741500584159253 0.1556883018794076 0.7461350887860033 0.031682894841754905
1360.0000378492805 0.1136 0.3409 0.4924 174.2231 2602.3209 0.2375634368447333 0.04823534567950902 22.8623441382652 330.58765729415984 40.41898107557661 43.50567285141375 0.18132400705324864 0.050858268470341125 0.3682272143235203 0.03420231392394593 0.3693315458014402 0.15579075636193795 0.7500271391660015 0.02889073972551133
1370.0000378492805 0.1136 0.3333 0.5 172.6578 2728.1966 0.23038210134843198 0.04499119280672002 23.144482337393434 320.02256026506717 40.48931561697446 43.13674158997169 0.18432898071189505 0.05143239556770273 0.3686579614237901 0.034656261018019684 0.3791841373054374 0.15818772293066866 0.7583682746108747 0.026823864400315634
1380.0000378492805 0.1061 0.3333 0.4924 149.0725 2730.8433 0.23188004305471158 0.047859292066599037 24.182238350267497 297.14070992126665 40.46997564592589 43.603629883439794 0.17724640818311396 0.048400570418272684 0.3599465520026314 0.03228009502514703 0.3687013773731372 0.15479970449479144 0.7487474125116017 0.027850933357476414
1390.0000378492805 0.1061 0.3333 0.4848 173.8052 2657.479 0.23107398225197526 0.05061530880069972 24.70785851514524 284.4625828353179 40.53270077035639 44.015244052814886 0.17481201643483252 0.04785996562378662 0.36054978389684206 0.03148764974352128 0.3546504753184538 0.14913471629137875 0.731466605344311 0.030102051494523246
1400.0000378492805 0.0985 0.3258 0.4773 152.0247 2637.0271 0.23103001185234467 0.04983944791495669 24.93084022595577 279.94080561801184 40.441165513686606 42.672178090350826 0.1711671223226508 0.04775543464751349 0.3586358753426969 0.032585188023921616 0.3512908777209235 0.15089900037879586 0.7360380295105063 0.031078892184745844
1410.0000378492805 0.1061 0.3409 0.4848 189.6693 2709.8397 0.22793986788742562 0.049326946129852015 25.44068255458716 265.4155552044935 40.65159540770915 42.22367606143352 0.17756497459743156 0.049197053533172705 0.3662277601072026 0.032108362766104306 0.36188111733405615 0.15277334875258683 0.7463798045014908 0.026134240781045214
1420.0000378492805 0.1136 0.3561 0.4924 174.6762 2762.2264 0.223723124352854 0.046333644159374215 25.781808677291004 254.51789909000294 40.281034918479804 41.325679718732 0.1868403132501066 0.05264797034390368 0.37942955921560106 0.033547979517788346 0.37082257950534836 0.155924345227875 0.7530550845339382 0.02681797944947816
1430.0000378492805 0.1136 0.3333 0.5076 200.7687 2700.1031 0.22805560265076516 0.047658943150196885 25.92599484496229 256.24034346704497 40.32630281088242 42.214545122324495 0.18747661056713963 0.05278116063750575 0.3693569044009318 0.036566004686068077 0.37647029304153845 0.15403530326890366 0.7417026668878072 0.030738460686137198
1440.0000378492805 0.1136 0.3258 0.5 150.5107 2611.2172 0.23692394712022968 0.05255393714300832 26.087284279129246 259.55757063029216 40.5840375622681 42.95335194271735 0.18186286529492474 0.05068024837538903 0.36372573058984947 0.034974324663123335 0.3611564451517396 0.14658815074568082 0.7223128903034792 0.030550194895869034
1450.0000378492805 0.1136 0.3333 0.4697 159.7701 2686.6001 0.2389692495688872 0.05493925742265541 26.16992967905544 260.78778682239454 40.61552410365139 45.31772466066344 0.17598465713994074 0.051041628393024445 0.37467701197535774 0.03394811369077293 0.34958487104452646 0.1519283944372984 0.7442774673851208 0.0276958967095723
1460.0000378492805 0.1136 0.3258 0.4848 195.5528 2668.8748 0.23917385998051968 0.055749508140237665 26.20846814965899 260.68465369857114 40.63509656943821 45.74756490791235 0.178391517280858 0.050629248433668735 0.3679325043917696 0.03443144412958453 0.35346968841157167 0.15006075309755687 0.7290312323488666 0.03388902480976499
1470.0000378492805 0.1136 0.3409 0.4848 157.6859 2703.752 0.23693447135333037 0.05342573966130289 26.212813166671182 259.1513369620897 40.632670896953584 44.35747487315044 0.1815842309615202 0.05237098010473509 0.3745174763581354 0.03549458055147136 0.3586157631511892 0.15144161990001545 0.7396450114993278 0.02860259855929408
1480.0000378492805 0.1212 0.3485 0.4924 153.8216 2643.3023 0.23846214112201072 0.053229529339800734 26.276103812071554 259.46377614673435 40.69102030454864 45.679442147741575 0.1848726998030742 0.05372908329666876 0.3754337903693199 0.037315784336418814 0.3621167008846524 0.15022155785793792 0.7353754541042172 0.02871059288782968
1490.0000378492805 0.1212 0.3409 0.4924 141.4438 2630.2991 0.23350426095487103 0.050438134912513484 26.232553104220543 256.8916763492369 40.4870272190217 42.99873247535451 0.185146907542238 0.05339991027031107 0.37599064300885254 0.036426303478297097 0.3690800980477123 0.15496862530913877 0.7495165068045849 0.02760267164952448
1500.0000378492805 0.1136 0.3485 0.4924 153.2082 2650.0951 0.2302821451116884 0.04887786033259579 26.22063660694606 255.37311844035082 40.33546732431866 43.293028801816256 0.18666991658996168 0.05275404578793041 0.37908352292115294 0.033900409292646976 0.3713435767281208 0.15580213058088443 0.7541131096632607 0.025745783223455547
1510.0000378492805 0.1212 0.3561 0.5152 176.106 2737.475 0.23204644632151056 0.04895347496912782 26.276082302071725 255.5983328186006 40.307198043156546 43.757088297178925 0.19436844640503603 0.05359792001324191 0.3773034547862464 0.034743743233002077 0.3872218643343774 0.15616797691545337 0.7516659719432032 0.027314463270456814
1520.0000378492805 0.1136 0.3561 0.5076 164.7165 2738.1267 0.22809608430752823 0.04842184954181461 26.218691680364273 253.64512141986418 40.38495671454221 42.757584232947785 0.19348117410763785 0.05277169244545212 0.3811867907792268 0.03210880759281152 0.38494211731053074 0.15757530207773743 0.7583934251491053 0.025248825275004584
1530.0000378492805 0.1136 0.3788 0.5152 152.5255 2738.0512 0.22589604904132976 0.04757378436540869 26.67732575554324 237.5711403845707 40.1977439946113 43.25603632617724 0.19926692509950858 0.053974926255837746 0.38681226636963434 0.031905467481474645 0.38956946192503333 0.15580663135449527 0.7562230731485942 0.023226538843643396
1540.0000378492805 0.1288 0.3561 0.5152 154.8275 2687.1115 0.22397110641109455 0.050204837452089965 28.26780331183655 184.39694712002103 40.362525228055105 43.09081719508772 0.19675945589980423 0.0525816226062346 0.3819448261584435 0.031022569641509935 0.3944409526155626 0.15724821845039955 0.7656794962537392 0.018963197363708842
1550.0000378492805 0.1288 0.3636 0.5152 156.7782 2743.4385 0.2207053452777005 0.05026265833156059 28.57741064134567 171.70562168066584 40.25122135334154 42.11950597138311 0.19635999964118564 0.053725742235257654 0.38116941106818386 0.03355076128211451 0.398740721831757 0.1618555920467994 0.7740261070851754 0.021647700360620886
1560.0000378492805 0.1288 0.3712 0.5076 166.425 2699.2867 0.21984290485891575 0.05154336539823014 28.57314079874027 171.04620195769584 40.39869301515862 42.90563264776004 0.19658598047283246 0.05500739442883348 0.3873037227225953 0.03419647478006411 0.3905343852399236 0.16004672797883934 0.7694110276368645 0.0217397922932455
1570.0000378492805 0.1136 0.3636 0.5152 160.6513 2760.4673 0.21996558965435423 0.05051521300944578 28.66825181934775 170.24318158330288 40.28363319961329 42.62591219782024 0.1934803214744479 0.052568909491734844 0.3755794475680459 0.033370511628641256 0.39694871183014163 0.1611528146925246 0.7705474994349808 0.02291756921228332
1580.0000378492805 0.1136 0.3788 0.5152 180.5504 2706.9302 0.21636627981673132 0.047868502733209306 28.67769996806295 168.47241550514613 40.18161174472441 42.33662331072154 0.19732230031978634 0.05269232620512527 0.3830374065031147 0.030827733054467826 0.40239803173388067 0.163273601291367 0.7811255910128272 0.01898722606112535
1590.0000378492805 0.1136 0.3636 0.5152 147.3063 2744.5153 0.21721713305744014 0.04786319280369152 28.77412777535899 168.2426283963127 40.19629145222887 41.73638000753353 0.19491053040344258 0.052644721255027775 0.3783557354890356 0.032488737178299455 0.4007516399674306 0.16222314934578716 0.777929654054424 0.019385241003511897
1600.0000378492805 0.1212 0.3788 0.5152 141.3375 2742.8357 0.21666986338455327 0.04777073421124494 28.82868754448834 167.73712276157465 40.15931810086434 42.43188769623317 0.19512425693108215 0.05489659749415637 0.38442390917765434 0.03508752039576399 0.39528793172529036 0.16262786078012112 0.7787762236975869 0.019615075514387143
1610.0000378492805 0.1136 0.3712 0.5076 151.3225 2682.8862 0.21499507714713362 0.04743430062355562 28.840524216251097 167.02552199718517 40.2990106939542 41.70751054736347 0.1920591704449882 0.05409501970168516 0.37838523132445434 0.03579916052315368 0.39356684565327954 0.1625651390116752 0.7753854272572075 0.022124900309171993
1620.0000378492805 0.1136 0.3636 0.5152 181.9647 2777.6391 0.22083049499666016 0.04941514865715732 28.995653493630964 168.56710166395396 40.63217320552283 42.072149329035724 0.18685069542596938 0.04905088388106243 0.3627101734739405 0.03116740756286079 0.39710671773781686 0.16108270582068693 0.7708542167851739 0.02254784534428906
1630.0000378492805 0.1212 0.3788 0.5076 165.0398 2653.468 0.21829321979226693 0.04699146866878636 28.99786677083099 167.59938846515425 40.307829273203325 41.99248602577861 0.1934179642848049 0.05491596218980338 0.381062257993944 0.03641230974866466 0.39406715802105097 0.16157037058836818 0.7763711172952049 0.0193858357960078
1640.0000378492805 0.1212 0.3788 0.5076 162.286 2668.823 0.21735651652675958 0.046328439461444104 28.98265598874082 167.2869273008113 40.24074596455465 41.31468634738506 0.19175710722366188 0.053394124561059866 0.3777901216943786 0.034632941828826334 0.3893306568730749 0.15800312754787416 0.7670395030932221 0.019505001903397514
1650.0000378492805 0.1212 0.3788 0.5076 151.6605 2726.8941 0.21998259539890214 0.04787336259624986 28.983415018975165 168.13479617692315 40.20281893390928 41.894304280480405 0.19203525541462643 0.05389542844508542 0.37833811514523413 0.03542082498380261 0.38713470309204884 0.15734133703260372 0.7627131463903052 0.02149981614510982
1660.0000378492805 0.1212 0.3864 0.5 152.8314 2696.6555 0.2187008161865229 0.04845417946437835 28.887837779717067 167.85740456725432 40.24381223070101 41.50603317844019 0.1902952137969249 0.053062562174593673 0.38059042759384976 0.03340271102863828 0.38220876679012045 0.15721989633171624 0.7644175335802409 0.02019659927958726
1670.0000378492805 0.1136 0.3712 0.5 165.7255 2734.5395 0.22255042721144322 0.051554066938709724 28.856143178694513 169.14520654317772 40.41782796529241 41.63043865032278 0.1846099550044812 0.04974368578846617 0.3692199100089624 0.031042346985187704 0.3770124641567158 0.15577106881801267 0.7540249283134316 0.025288330185586884
1680.0000378492805 0.1212 0.3636 0.4924 170.7476 2656.1604 0.22286789092377512 0.05251562778148834 28.784581321014425 169.5036332367806 40.442491145616785 43.70183594764597 0.18848663419965125 0.054254538711844484 0.3827728571439072 0.03552277419292225 0.37018192885624246 0.15388349243196495 0.7517540709080617 0.023649856015167333
1690.0000378492805 0.1212 0.3561 0.4848 174.2316 2718.7237 0.21920311411066296 0.053549030791138 28.61763290495202 168.84087171857496 40.443299366653164 42.84391455358343 0.18449678259526997 0.052374142538130164 0.38052461410274435 0.03312752565836753 0.36458820713540835 0.15373978070203279 0.7519631772167796 0.023765740035891304
1700.0000378492805 0.1212 0.3409 0.4848 147.867 2699.4629 0.2206522627859827 0.05422548722107425 28.54443676937026 169.60494647587325 40.466540066547125 42.73855123913705 0.18376515581071848 0.054899771212501836 0.37901563385960685 0.0389790328904116 0.3606976874947516 0.15192164892292195 0.7439389804579252 0.0262669088332242
1710.0000378492805 0.1212 0.3561 0.4848 170.8829 2761.8764 0.21819158346487535 0.05351482707035432 28.434449669316407 169.35432287797767 40.25862867765902 43.58220061061023 0.1862913401831349 0.05496082222315842 0.3842258891277157 0.037024868501030934 0.36601999489440395 0.15602309716387996 0.7549162394697082 0.02618482438972524
1720.0000378492805 0.1136 0.3485 0.4924 153.1229 2763.3106 0.21887444218509117 0.05326514560599814 28.368747740243744 169.89651041081302 40.23958925080506 44.1426490671594 0.18867849703734071 0.05367893813233447 0.383162486291215 0.03419074873473716 0.36649064961843614 0.15217575441046255 0.7442579346097472 0.02593538084173213
1730.0000378492805 0.1136 0.3485 0.4773 148.3529 2817.7832 0.2233765901715021 0.05694098056352292 28.381906455534775 172.52361349583273 40.36684816349885 45.93631582489387 0.18097022389564962 0.052031794401064015 0.37917570720993254 0.03357126927578823 0.35849051851225666 0.15389579676585302 0.7511229911685378 0.025494950112309248
1740.0000378492805 0.1136 0.3485 0.4697 166.2499 2684.2864 0.2214641120636226 0.057066742632962665 28.296439518958383 172.15381437137705 40.611003677466705 44.726723233232875 0.17648620436353296 0.05167388949711968 0.3819045733768254 0.033063607243896724 0.34587770669468876 0.1526457161372499 0.7484566767819495 0.026941680170954076
1750.0000378492805 0.1061 0.3485 0.4697 177.2584 2688.3327 0.2175918178897457 0.053358434189223876 28.234854244197095 170.71410643186266 40.313458941704276 43.39204856256608 0.17719516667141788 0.050070906198307424 0.3712660635020184 0.03258091328810088 0.35547686053828537 0.15330051081797752 0.7448086601754551 0.02925438815988927
1760.0000378492805 0.1061 0.3636 0.4773 181.9055 2567.6071 0.22440878181361412 0.05662747107305679 28.334034052644185 173.91524368402855 40.64881717897372 46.578418317353794 0.1800283289522549 0.05123647269598114 0.3772022130428198 0.03268369549808583 0.35671752672778645 0.1519177067955629 0.7474081512391717 0.024272291544342278
1770.0000378492805 0.0985 0.3561 0.4924 154.8641 2685.3138 0.22479367488293206 0.05599366550620562 28.349876638613313 174.1049802714742 40.564840159203705 44.90341916362888 0.17847954618468326 0.04849489118740923 0.36811406400590924 0.029923400501085246 0.3619762275668271 0.15318358224698475 0.7465759693565809 0.02683400113861162
1780.0000378492805 0.0985 0.3409 0.4773 185.6763 2753.148 0.21922980803523665 0.05294540648967046 28.2751163703919 172.3725361744444 40.24434294170423 43.669089246681594 0.17373908844879613 0.047629391493361865 0.36402475674985857 0.030250363811368555 0.35736479223100803 0.15479011313345822 0.748764326579255 0.02926364949390263
1790.0000378492805 0.0909 0.3409 0.4848 176.3305 2763.4436 0.21881897657251045 0.05336731124980733 28.277410889766436 172.64571906643675 40.31244329774772 44.04263236211957 0.17830656954173293 0.04900940465154664 0.3677572996798241 0.031130652655927828 0.35546828713521184 0.1503751507818229 0.7331533422163744 0.03138852197446488
1800.0000378492805 0.0985 0.3636 0.4848 188.2029 2752.2043 0.21914988888236966 0.052794037841684356 28.298616464180554 173.0355719940762 40.18189374593248 43.729730254657575 0.1819012583496954 0.05005330255891037 0.3751713453462468 0.03041874806002509 0.3579044401077377 0.15083273087477864 0.738177907722209 0.02847113480471685
#####################################################################
# End of data export. Simulation finished at: 2024-05-18T11:44+0000 #
#####################################################################
