#####################################################################
# Alchemist log file - simulation started at: 2024-05-19T05:02+0000 #
#####################################################################
#
# Algorithm = bc_re_c, CamHerdRatio = 3.0, NumberOfHerds = 4.0, Seed = 77.0
#
# The columns have the following meaning: 
# time 3-coverage 2-coverage 1-coverage CamDist ObjDist NoisePerceivedNormalized[mean] NoisePerceivedNormalized[variance] NoisePerceived[mean] NoisePerceived[variance] NoisePerceived[percentile90] NoisePerceived[max] BodyCoverage[mean] BodyCoverage[variance] BodyCoverageOnlyCovered[mean] BodyCoverageOnlyCovered[variance] FovDistance[mean] FovDistance[variance] FovDistanceOnlyCovered[mean] FovDistanceOnlyCovered[variance] 
0.0 0.0 0.0 0.0 0.0 0.0 NaN NaN NaN NaN NaN NaN NaN NaN NaN NaN NaN NaN NaN NaN
0.009183424712786659 0.0 0.0 0.0 0.0 4.1231 9.933763820459778E-4 0.0 24.89287503244117 0.0 24.89287503244117 24.89287503244117 0.0 0.0 NaN NaN 0.0 0.0 NaN NaN
10.009183424712788 0.0 0.0 0.0 1135.0 2600.9992 0.011556684781599836 4.046207782263831E-4 25.76522936398566 10.455017981838788 31.506643938000575 32.05177095026643 0.0 0.0 NaN NaN 0.0 0.0 NaN NaN
20.009183424712788 0.0 0.0 0.1923 1200.0 2504.8106 0.048653951393889124 0.008751744535735191 26.94359504584814 24.311696644869393 35.60347687459885 38.678142013141056 0.03190328844685943 0.004836435641170367 0.18032293469964028 3.7911252659763363E-4 0.06558863676382047 0.025961137459518977 0.37071838170855054 0.033967773243896486
30.009183424712788 0.0 0.0 0.2385 1119.6811 2530.3153 0.08351230121171666 0.02515313405738706 27.163059550794564 37.487989947717324 37.70838035094271 42.68962161836525 0.045440501939529726 0.006787961738653469 0.19055694361738273 6.135250282892582E-4 0.17176209464024111 0.09835119212854657 0.7202926549429466 0.014637508101713355
40.00918342471279 0.1846 0.2385 0.2385 1107.5936 2599.3981 0.15015430720708917 0.0742290988376744 27.775559858669094 63.99869736685149 42.12520633221277 45.20432350037317 0.10201664120805776 0.034511873346307606 0.42781172119508093 0.0043761363321141765 0.18890402618395377 0.11714622121501594 0.7921781743198061 0.00989811749715181
50.00918342471279 0.2385 0.2385 0.2385 1093.8623 2605.1663 0.20602753647302985 0.13642657142154196 28.612830083965598 103.72074945389399 46.727783311242156 48.679366319975486 0.12987752654080284 0.05629056389048148 0.5446476919453022 0.00861569101122771 0.1812152406269228 0.10984852385016135 0.7599348800483859 0.017899771464785698
60.00918342471279 0.2385 0.2385 0.2385 1004.0616 2617.5492 0.17403341101731565 0.09730156728079706 27.61337957734153 80.80295633766065 43.51474794277413 44.46254054419762 0.17541175671296272 0.0997957050654188 0.7355976894414565 0.0033143380828577563 0.17939469586366275 0.10889013790674118 0.7523003374927792 0.022863915198249762
70.00918342471279 0.2385 0.2385 0.2385 1026.5296 2619.1006 0.1997054991502492 0.12818657283744372 27.994391612596726 102.66583856667286 45.962430039160715 47.61035922416191 0.17567602114568204 0.10037079535254703 0.7367058951270536 0.004503270661338639 0.18583434560335924 0.11708382036254444 0.7793053202721516 0.025548836639569163
80.00918342471279 0.2385 0.2385 0.2385 948.3596 2604.755 0.21351100617683447 0.14635956552177512 28.28280255887177 120.60191533006876 47.65120855505614 48.759431465205985 0.20941996502180837 0.14212464725698062 0.8782127565430674 0.0042155435070642105 0.18478012938632282 0.11388157921958164 0.7748844135555473 0.017186091396613302
90.00918342471279 0.2385 0.2385 0.2385 817.531 2568.2533 0.21242342771255168 0.14500742401104727 28.19648201943774 120.47949042248443 47.314078482219024 50.20204936405405 0.20734437620838825 0.14130589313031597 0.8695086744222733 0.012665819230990256 0.19063827527065583 0.12288187344605578 0.7994508317801696 0.02545249429497237
100.00918342471279 0.2385 0.2385 0.2385 762.3718 2545.4791 0.20818733010998886 0.13927474235115467 28.009490723791785 114.04999684832647 46.857734218252396 48.488631877229324 0.20501138149991718 0.13734773323526706 0.8597251482254591 0.008958899763504743 0.17156203913446352 0.10337356707415873 0.7194537124993632 0.037184216687355304
110.00918342471279 0.2385 0.2385 0.2385 788.6254 2643.7917 0.20874077101231797 0.14008582794148405 28.02714457556246 114.88209479064155 46.85587616529074 49.40766097459769 0.2084346317838294 0.1416515647566296 0.8740807139321878 0.007879045652759972 0.17050644984207802 0.10238799287144833 0.7150270477248434 0.03794318196676517
120.00918342471279 0.2308 0.2385 0.2385 808.2863 2603.135 0.20712680360005709 0.13800007016685506 27.957839768442593 113.14307903472546 46.65378289203221 50.18454577930643 0.2062757778000902 0.13893336159031877 0.8650274552907009 0.008580558015247503 0.16597152870584955 0.09875243183549909 0.6960096365084013 0.04342677178715024
130.00918342471277 0.2385 0.2385 0.2385 648.4326 2693.4665 0.20588666424658286 0.13634933776273797 27.914584650689402 111.00950425000534 46.49173157006278 48.228976780784976 0.20575076397423647 0.1370143884336656 0.8628257844080885 0.0033225580132697423 0.1675143220620544 0.09939671198349316 0.7024794150989379 0.03907716368562448
140.00918342471277 0.2385 0.2385 0.2385 661.6622 2592.2418 0.205988481523675 0.13651685466094066 27.91707428806794 110.953757711811 46.48840094650974 48.46115384023974 0.20253351448995816 0.13277026586821372 0.8493340930224053 0.003250701074621681 0.17268079485808982 0.10446745503534016 0.7241452687597315 0.036558320664849875
150.00918342471277 0.2385 0.2385 0.2385 764.3951 2717.2631 0.20656772991194006 0.13732333825571344 27.94386988859393 111.50214372102113 46.5402540069516 48.426650345186644 0.19498518336224535 0.12341877035471559 0.8176798011965127 0.004563740831186688 0.16910019821320757 0.10148924357921954 0.7091298634747415 0.04068754583144877
160.00918342471277 0.2385 0.2385 0.2385 715.5618 2659.2473 0.20929029150276304 0.14095446795404062 28.037109266581204 114.57857705155567 46.90743909661059 48.6823411898924 0.20290739311428832 0.13292199020171644 0.850901971124435 0.0018053653703755574 0.16802268009745785 0.09929019951414259 0.7046112391183716 0.03625865079339737
170.00918342471277 0.2308 0.2385 0.2385 652.6958 2627.574 0.2097113775717367 0.14155231689996434 28.058359469231796 115.0530678943551 47.12122416869936 48.69546134202231 0.19125802393525948 0.12196441025825233 0.8020497777930237 0.01823206063573966 0.15855736879100749 0.09160925611628759 0.664917998155838 0.04600856207710317
180.00918342471277 0.2308 0.2308 0.2308 799.0693 2590.2222 0.21114943837070593 0.14355975219295458 28.12823271765651 117.33922233825423 47.43766597178541 49.59089075027465 0.19056408550271242 0.12547701947663692 0.8257777038450872 0.015523386769286846 0.15528142675400158 0.09071689332093741 0.6728861826006735 0.04323471002318257
190.00918342471277 0.2231 0.2308 0.2385 752.2762 2510.9532 0.21150349687429648 0.1439985640471676 28.13985438592087 117.18330520670231 47.51044961610095 48.54974592596167 0.19438297257787507 0.12777185256071122 0.8151544011330245 0.026526918523880727 0.15905711502068243 0.09404303484924752 0.6670137081512489 0.05427723872907319
200.00918342471277 0.2231 0.2231 0.2385 742.0533 2589.0599 0.21054224416175518 0.14269522832731538 28.106012102495576 115.65816769444254 47.34847822265062 48.51341109169495 0.19694804633680743 0.13192470313992305 0.8259111620575794 0.03049297711216002 0.15788280644534194 0.09164261621687533 0.6620891883191758 0.04910600247502852
210.00918342471277 0.2231 0.2385 0.2385 682.5294 2586.6666 0.21031133794649237 0.14241983704228775 28.111650557380724 115.50057754234648 47.179179179017524 49.76312556936742 0.1989793691191078 0.1320519600785537 0.8344296124349683 0.019910311410960987 0.16004677886588792 0.09600672408208269 0.6711639113730784 0.05835076060219373
220.00918342471277 0.2231 0.2308 0.2385 757.672 2570.6313 0.2105989977067154 0.14284865347373055 28.13041599740996 116.22903544766335 46.99982445902483 50.18798378707829 0.20521397478327233 0.13988571438050765 0.8605747329621097 0.01872209872379703 0.16350613859098181 0.09915075519153618 0.6856709037686334 0.05638062131959246
230.00918342471277 0.2308 0.2308 0.2385 716.0499 2643.3156 0.21114803453194805 0.1436192041288275 28.173761322670853 117.26330881791735 47.09530469298076 50.657666299774256 0.19931341331737468 0.13361333090425442 0.8358304429438294 0.024783001713856865 0.1630794564716753 0.09808340044378776 0.6838815916554126 0.05371939565639523
240.00918342471277 0.2231 0.2231 0.2385 608.5917 2581.2792 0.21043514984147327 0.14264058532567153 28.147946884556077 115.98970596083807 47.08880149479402 50.37119080496375 0.19902773841847496 0.13611188647764672 0.8346324514323142 0.037101581430385076 0.1592197891554675 0.09447049010539889 0.6676958900067991 0.05539879132459491
250.00918342471277 0.2231 0.2308 0.2385 632.0535 2643.4698 0.20848944855639687 0.13995928750426062 28.083486868288976 112.57711926023406 46.88715344521871 49.242177600762616 0.20389154218652977 0.1399487967640292 0.8550290478789959 0.026480295170439493 0.15718151966078023 0.09187272620260699 0.6591483082548848 0.0531531445192045
260.0091834247128 0.2154 0.2385 0.2385 768.154 2647.7398 0.2092046611280662 0.14093124120780373 28.122875476630398 113.58869429815316 47.019229304156916 49.53309652480188 0.20555749489877706 0.14003249594370015 0.86201530118842 0.017400503164779556 0.15488629671841506 0.08951419646360191 0.6495231797869019 0.05292365295861153
270.0091834247128 0.2154 0.2308 0.2385 690.6378 2640.3101 0.20917679166040296 0.1408950306000161 28.149013045838196 113.36312556952758 47.07052722797077 49.177032318848106 0.1959698351869078 0.13316659005292858 0.8492026191432672 0.018506220187867083 0.15086574648207293 0.08923422676816128 0.6537515680889827 0.05683942826675099
280.0091834247128 0.2077 0.2231 0.2385 553.6615 2579.5254 0.21022540384892507 0.1423339778720489 28.227132359951234 114.82493332657604 47.12475174313795 49.49752287958712 0.19371816828188773 0.13054585900172375 0.8123665121498519 0.042025689773601174 0.14717561197738527 0.08621131941145786 0.6171880502277447 0.07095307777785669
290.0091834247128 0.2385 0.2385 0.2385 750.4097 2663.1111 0.21035922777509714 0.1426534674253483 28.250745679416728 116.21709620533237 47.18101459904112 50.11338592572159 0.18634630791075035 0.11456593893639089 0.781452258980566 0.012085084636985871 0.19644091125489557 0.12726106339585083 0.8237844665527878 0.013200167354208037
300.0091834247128 0.2385 0.2385 0.2385 736.8833 2623.8675 0.20735760933324215 0.13835186885782563 28.135686331946403 109.93673225778376 46.975198508088035 47.64059398614427 0.18820500034711646 0.11709771610294864 0.7892467756491981 0.013337553282120931 0.19371672091459563 0.12450485101675123 0.8123604425450784 0.016057115641173635
310.0091834247128 0.2385 0.2385 0.2385 842.3342 2520.5042 0.2019496485614311 0.13117541847840555 28.002443106557475 103.38657914255015 46.03766390139536 47.39927708680504 0.1954424834131853 0.12597833390072916 0.8195975110875513 0.01309906498461942 0.19942362783230208 0.13223745796014869 0.8362926328451377 0.018258583683004474
320.0091834247128 0.2154 0.2231 0.2231 901.644 2617.0914 0.21322153276287348 0.14643522620381685 28.46473970118446 119.72154071588817 47.990474326185755 50.99261829792645 0.1884461887184672 0.12716600109007387 0.8447587770138184 0.011645192044000791 0.15168338715543334 0.09084395082489444 0.6799600113864253 0.04649525903642996
330.0091834247128 0.2077 0.2154 0.2308 730.7952 2675.7991 0.20925551624293884 0.14092753628612453 28.314683574724185 112.48311680696085 47.00923617190779 49.77397120563647 0.19026586317903174 0.133019452783353 0.852915938388763 0.02746963921952401 0.15066238901964568 0.09144666114710781 0.6753831231915152 0.05426360602767869
340.0091834247128 0.2077 0.2077 0.2308 705.6959 2630.8564 0.21278018747733168 0.14576800814602758 28.485129074464847 118.61727296162313 47.67702350081385 50.882510722488064 0.18712242224837466 0.13055564143242956 0.8388246514582313 0.03530088506820035 0.15348660846965573 0.0960324807952682 0.6880434172777671 0.061501411150289995
350.0091834247128 0.2231 0.2231 0.2385 663.886 2522.417 0.2107614878728644 0.14287555632855556 28.421485441952154 113.95827635570186 47.30953790187849 49.25254361572192 0.1949645428952504 0.13074044413342473 0.8175932443994371 0.03615832231740968 0.146041216155297 0.0846539159156779 0.612430906457697 0.06885932894984317
360.0091834247128 0.2231 0.2385 0.2385 783.6845 2642.3474 0.21130370090911246 0.14360711920864186 28.47025662189308 114.97230634559725 47.31079253357415 50.531458311697065 0.19574125187624294 0.1283670310380773 0.820850411093922 0.02175308613057913 0.1540553913579071 0.09125710468809417 0.6460387379525137 0.06397057315358311
370.0091834247128 0.2154 0.2231 0.2231 741.3003 2559.7843 0.21274961733693726 0.1455393423296398 28.550097219206346 116.92590107025754 47.540876114042206 49.87068927776722 0.1857551520839467 0.12316676059764171 0.804938992363769 0.032288124917679864 0.14471222892303967 0.08490650453730685 0.627086325333172 0.06476665857587614
380.0091834247128 0.2385 0.2385 0.2385 921.6905 2624.1748 0.21088033387367996 0.14326664449173077 28.54343873305472 117.0740548399336 47.02106206212762 51.4140434502336 0.19773825614737972 0.1284649505936381 0.829224945134173 0.011299955357008378 0.20195453989709558 0.13361841266071436 0.8469061350523364 0.010138596267349104
390.0091834247128 0.2 0.2231 0.2385 944.2195 2575.8899 0.20999130766151175 0.14175995399665509 28.43760927216657 113.09408647472051 47.027174871863956 50.346845110312174 0.18192311023141208 0.11648623079362833 0.7629033654865668 0.04288460733002028 0.19970449760195452 0.13126077090035546 0.837470473814648 0.01250746811376486
400.0091834247128 0.2154 0.2154 0.2308 846.367 2628.4676 0.21365843993661396 0.14674505499272827 28.656976282763345 118.78921576996706 47.647911656031475 50.848712952074415 0.18314491611487885 0.12262880127828511 0.8209944515494569 0.022594943177082962 0.15536119111187766 0.09778358963238798 0.6964467187773826 0.060207253331483294
410.0091834247128 0.2077 0.2154 0.2308 868.3435 2604.6344 0.21270029785318975 0.1454194027616074 28.69563300145313 117.48556077545574 47.329508419154 51.211499183119685 0.18197141891404575 0.12331686647342163 0.8157339468560673 0.03269318338322418 0.1538209996712228 0.0962794964777567 0.6895424123192746 0.06097780802093701
420.0091834247128 0.2077 0.2154 0.2308 861.4757 2663.5369 0.2131739870340156 0.14589486542475383 28.7458865629167 116.58461456342583 47.67963336868759 50.20371059079193 0.18812732444653502 0.12482077684986441 0.8152184059349851 0.026392912373127124 0.15939465028210176 0.09870343600973489 0.690710151222441 0.059420446386757
430.0091834247128 0.2 0.2308 0.2385 688.6666 2691.8673 0.2121746924342518 0.14446460586388418 28.78204547266576 114.84772806152164 47.600602461852915 50.78212125313297 0.1945851686722904 0.13020580507833132 0.8160023202386371 0.03590452973879313 0.15137170707957184 0.09048352750870668 0.6347845780756239 0.0719873650908321
440.0091834247128 0.2385 0.2385 0.2385 834.2975 2654.1999 0.21663244779858556 0.15048359305674955 28.97317068344719 121.02671323070476 48.36601548018216 50.29911036645822 0.18537909688743795 0.11286590887717975 0.777396212753772 0.009750482286642777 0.20589778598257205 0.13926696853422157 0.8634423283140119 0.012171114409627844
450.0091834247128 0.2231 0.2385 0.2385 925.6307 2708.6846 0.2112750999020813 0.13916591514676555 27.95349179288284 137.34181868983669 46.797293639319584 49.93499008517097 0.17150094166157384 0.10459390727772028 0.7191974972904709 0.042721742808520397 0.19692659084834524 0.1297235539651797 0.8258211874285446 0.021144983451174583
460.0091834247128 0.2308 0.2385 0.2385 883.0258 2664.9826 0.22611893568799582 0.1475350213591532 26.13882582680328 232.43566833224997 49.16705490897533 51.6617194381183 0.1660874932495319 0.09742687442876434 0.6964959394335208 0.03719398673501479 0.19074070563503162 0.120892129803735 0.7998803784694876 0.016355990373536845
470.0091834247128 0.2385 0.2385 0.2385 872.8673 2672.6727 0.21685553664093996 0.1353419647322145 25.840165675444876 216.32778350446065 47.75872152147041 49.582456708382324 0.1920962276712079 0.1199828919299544 0.8055648257179687 0.0052647535541851765 0.19667712302826423 0.1271754702901471 0.8247750320540113 0.011547066762872983
480.0091834247128 0.2231 0.2385 0.2385 827.8772 2668.6516 0.21860079561741202 0.13731047252931453 25.931169220961603 217.19289358627515 47.57589643869349 49.473557471851144 0.18845759464341247 0.11713275165743015 0.79030604205302 0.01217155225930524 0.20991796956851985 0.14404362077637703 0.8803011627066961 0.009577161480572154
490.0091834247128 0.2385 0.2385 0.2385 789.2065 2621.5729 0.2268513915676008 0.14559006934853935 25.803675677115066 242.10432966350567 48.58816401280431 49.60295346570989 0.19397310520413102 0.12439698849086203 0.8134356024689365 0.014217772518881613 0.2095009036214646 0.142650900762439 0.8785521764771095 0.00600920627164176
500.0091834247128 0.2385 0.2385 0.2385 854.6134 2671.2476 0.22377734386707823 0.13817524035720508 25.109582652110323 252.78908181898402 47.827400630126085 49.62212632825648 0.18361209445027607 0.11082232066692342 0.7699862025334158 0.009986007029354317 0.20248245129076073 0.13371591634784918 0.8491199570257708 0.007603202178757098
510.0091834247128 0.2385 0.2385 0.2385 767.5943 2631.928 0.22909235035299827 0.14252741212262637 24.882240115009868 272.69325043219743 47.91969511581676 49.70241171571569 0.18174790469372418 0.1103720273045731 0.7621686325865853 0.017475295823219147 0.2028475634026916 0.13491845268038752 0.8506510723338679 0.010726105340586425
520.0091834247128 0.2385 0.2385 0.2385 915.9763 2602.0764 0.23173250153942987 0.14578775370309158 25.096705213070482 277.8317270686048 48.95307853168301 49.93937091219861 0.1483087474414782 0.07605680786937423 0.6219399086255537 0.02265514869230268 0.19740467582193635 0.12817667760461304 0.8278260598984427 0.011884488228867975
530.0091834247128 0.2231 0.2385 0.2385 927.176 2656.2211 0.23167515738867328 0.14351770506823575 24.901745109284608 284.49161503759143 48.16723748585108 50.25623802377357 0.1803551589832371 0.1104472712454439 0.7563280860587361 0.024777948080192704 0.18985086909284196 0.12247453447512227 0.7961488058732081 0.02784700725957913
540.0091834247128 0.2308 0.2385 0.2385 819.4065 2613.991 0.22549997322790552 0.13503631101355915 24.73927872801593 273.3861548203716 47.01855709132772 49.436340098407676 0.17604983321657855 0.1040608979105366 0.7382734941340391 0.01855120683059731 0.18484628864332606 0.1161510208617303 0.7751618556010448 0.026606275756542338
550.0091834247128 0.2 0.2 0.2308 874.9412 2513.515 0.2185494513528271 0.12796076993583627 24.852341633590264 257.09472529513477 46.07482476952256 49.256051290860995 0.1562532686831763 0.09080065930145674 0.7004456872004453 0.023540903775624917 0.1724365660186697 0.11118968223941893 0.7729915028423124 0.031463463478550543
560.0091834247128 0.2385 0.2385 0.2385 865.4034 2678.5178 0.21971759794470164 0.12937539195363285 24.965340686332137 258.84975266519825 46.50990157193744 49.20287091592999 0.18535880748127573 0.1139561733272656 0.7773111281472853 0.01454271491473223 0.1870604712176811 0.11693679183132516 0.7844471373644691 0.01858933604419618
570.0091834247128 0.2385 0.2385 0.2385 740.2609 2560.6179 0.2190355525719869 0.12667225228044235 24.72206762640869 266.18931579630146 46.42049825402289 49.18251943177927 0.1792756214479175 0.10656488111085624 0.7518009931686863 0.013456340933604082 0.186440395515472 0.11715835775514233 0.7818468199035923 0.02274709824049215
580.0091834247128 0.2308 0.2385 0.2385 831.7158 2568.4541 0.22210222908938407 0.12969478632019496 24.96569704718557 270.07599380930117 46.528574400906976 49.388062310791305 0.1758805994041271 0.10493454029403311 0.737563803952791 0.023132082268926355 0.18204130033861624 0.11200974014855451 0.7633990014200035 0.023040397882979638
590.0091834247128 0.2154 0.2308 0.2385 656.3384 2574.9653 0.2227601646507842 0.12931108966630014 25.088714327089512 268.86553964728455 46.69481083023181 47.93418724106479 0.16881161167504008 0.09889783459660824 0.7079196618630713 0.030893993882086683 0.17440836985601016 0.10799416978917566 0.7313899381058491 0.04342519154082982
600.0091834247128 0.2231 0.2231 0.2385 744.5809 2536.9593 0.2239384949963835 0.13016071675395063 25.25155368207944 270.94024956150855 46.70318615322461 48.26293483079922 0.164226202268105 0.0950763460938593 0.6886905256404402 0.035594890642544466 0.1761934501941078 0.10836784516930852 0.7388757588785165 0.036371005796762376
610.0091834247128 0.2231 0.2385 0.2385 850.671 2652.7682 0.22369938654342655 0.12872096111446604 25.400682156382175 270.66245550012957 46.81060849521126 47.990619196041074 0.16152417332452504 0.08946074813575716 0.6773594365222018 0.02362847099196732 0.18464074926153545 0.11534970887380876 0.7742999162580518 0.02421160307697685
620.0091834247128 0.2231 0.2308 0.2385 817.3586 2634.0567 0.2288432127630447 0.133750574767421 25.695551865374142 276.64828154372157 46.999786216647884 48.7061553229655 0.17104046010841903 0.0998580564358933 0.7172664456159508 0.02454041917534949 0.18497241107524082 0.11773254213274277 0.7756907561219776 0.03276134612222029
630.0091834247128 0.2308 0.2385 0.2385 739.31 2565.9055 0.22738976272245515 0.13010317645668396 25.79914678510759 274.21910953377255 47.05579792986915 47.769543623887856 0.17544835828663297 0.10442511919677189 0.7357511799116866 0.023043101690355637 0.194203901577862 0.12586733000320285 0.8144034582297438 0.01930043315959815
640.0091834247128 0.2231 0.2385 0.2385 789.4151 2602.3432 0.23081049492316386 0.13228170431084252 26.070674409248646 278.628597178257 47.392472122688325 48.70681005200903 0.1687951269193551 0.09652878640990831 0.707850532242457 0.02078410414427048 0.18194139492676864 0.11264369891442977 0.7629800432412879 0.026269649215648627
650.0091834247128 0.2154 0.2154 0.2231 731.9902 2578.35 0.23146358665607125 0.13153170166672348 26.171929545576774 278.7485186766987 47.31720671497838 48.4615593694991 0.15862353987223257 0.0932044304838789 0.7110710408065598 0.022547084553218133 0.16855331554959557 0.10724752301779628 0.7555838283257733 0.034712798780684985
660.0091834247128 0.1846 0.2385 0.2385 895.0786 2541.5534 0.23088658784763683 0.1275472599848525 26.33920475516088 277.9483077376726 47.127147942379715 48.84180235020153 0.1618843528859185 0.09544206655736426 0.6788698669409484 0.04773613615516516 0.18711980554413082 0.11691000670986999 0.7846959587334519 0.018166916661195142
670.0091834247128 0.1462 0.2385 0.2385 912.0655 2544.7695 0.23331440535537465 0.1276166203234864 26.543843445070983 280.7826994313203 47.132907136496335 49.75442896427992 0.15195078214005228 0.08829057946697878 0.6372129573615096 0.060126967747180196 0.17734591518559492 0.10786795805741937 0.7437086765847529 0.02858302324161535
680.0091834247128 0.1462 0.2308 0.2308 759.8288 2602.4318 0.2364326687721249 0.12661902475692838 26.78197716238554 282.71604004460454 47.193610379448316 49.604138918596014 0.15529174607254456 0.09402732111748992 0.672930899647693 0.05791251672104627 0.17159315375708908 0.10583212049373193 0.743570332947386 0.030799506780218085
690.0091834247128 0.1462 0.2154 0.2154 766.6703 2564.1477 0.23641002637823227 0.12204260080587154 26.879880920569132 280.8867686757231 46.92300540326448 49.17584111745568 0.15492960158380148 0.09588011427195023 0.7193160073533641 0.03708569677802322 0.16898917032542635 0.10911474670851141 0.7845925765109081 0.020439339759078537
700.0091834247128 0.1462 0.2154 0.2231 627.0809 2551.9902 0.2419144100500298 0.11996691512551459 27.16632752937818 283.22509720876025 46.46627644476039 49.572692213342094 0.16706339773565992 0.10614161367558181 0.7489048864012342 0.03770335996229123 0.17304862570510407 0.11154585993788854 0.7757352186780526 0.02968516671985053
710.0091834247128 0.1615 0.2154 0.2385 557.7971 2671.2009 0.24471722201055227 0.1157481456437033 27.32075263972245 283.0339735800093 46.737924267255856 49.07718391913593 0.17085732508429305 0.10432976103820384 0.7164984600309063 0.04463523844822035 0.18044209576973255 0.11414281192783941 0.7566926596795236 0.04023470038142749
720.0091834247128 0.1692 0.2385 0.2385 792.5924 2617.6372 0.2539187590321653 0.11493899794081879 27.644477727797486 287.6487784543805 46.89885381789733 49.378984701607834 0.18442876518023305 0.11331146965455885 0.7734109507558159 0.016529871652879155 0.18637980175453628 0.11933768171203024 0.7815927170351522 0.032430815704185954
730.0091834247128 0.1615 0.2308 0.2385 854.3163 2633.5226 0.2643660828772686 0.11027571520651096 27.93726845717962 289.3310614281918 46.76091569656011 48.86455066671864 0.1816090943769578 0.11156509131838242 0.7615865248065973 0.023303463771635596 0.18496042386695086 0.11868770542858251 0.7756404871839874 0.03692991552577397
740.0091834247128 0.1692 0.2385 0.2385 737.6112 2626.4273 0.26050927457556233 0.0919746794232259 27.803768457863587 278.72116430562863 45.37424052478096 46.40804638790368 0.18065684485019756 0.10793616508098863 0.7575932203395382 0.012472986988994971 0.18847723999955915 0.12034735324350451 0.7903884258046029 0.025891863170349864
750.0091834247128 0.1846 0.1923 0.2385 850.9735 2696.9396 0.289822727394683 0.09943110400053326 28.441481849421102 291.8708017360195 46.114993528117466 46.88383028479494 0.16612043087989067 0.09748207162957313 0.6966340649801867 0.0372799095747729 0.18736903206792874 0.1176995271153844 0.7857411022203463 0.020270252325407214
760.0091834247128 0.1538 0.1615 0.2385 770.8502 2704.4871 0.32467811994358575 0.10725460167562167 29.194594871070187 308.44810567676245 46.94230673774717 49.67354811519756 0.15349552985234333 0.09097908114111246 0.6436909316388592 0.06515790288370096 0.18177378130071747 0.11270912976516304 0.7622771473901057 0.027394659705463578
770.0091834247128 0.1538 0.1615 0.2615 682.135 2689.1631 0.354910057324591 0.11183525696019732 29.75441005122399 319.54388288748777 47.6319849609361 50.64115123920704 0.1620439676553671 0.09331817991698388 0.6018775941485064 0.08154808930633171 0.1946298786785572 0.11814636339014392 0.7229109779489267 0.05512863716579001
780.0091834247128 0.1538 0.1692 0.3615 755.7447 2604.6586 0.3800061334248695 0.11431503147571342 30.076465745157336 322.91216334284917 47.19812667320625 49.554538312945525 0.18698531027622856 0.0905668260424964 0.5284367464328198 0.0751797378680333 0.22207290619715656 0.10396926184174896 0.6275973436006598 0.03788346738498712
790.0091834247128 0.1462 0.1615 0.4077 832.4049 2669.9354 0.4213259259564202 0.12831391278877285 30.886114083992055 340.874630730052 47.6779767331029 50.80073615099864 0.19263866488734127 0.07887742752851626 0.47250993274253517 0.06089162676509275 0.25748882057901196 0.1115366533681865 0.6315763523636143 0.03588830439744298
800.0091834247128 0.1615 0.1846 0.4077 818.8272 2616.2724 0.44370712019099523 0.1357175492400354 31.335208074807767 350.6976576912867 47.9981772709623 50.50509602254532 0.198318962452973 0.08300788882666267 0.49579740613243256 0.05958014782935055 0.277819233926493 0.12811909121917445 0.6945480848162324 0.028952452020987195
810.0091834247128 0.3154 0.3692 0.4308 763.862 2650.5299 0.4793177799170128 0.14648891937504274 32.13442359388567 367.62036956261375 49.01328440291377 51.43687511986029 0.27245339012787195 0.11596397186120425 0.6213849248530413 0.04643869691971715 0.31235243348380043 0.14303412546157035 0.7123827430332291 0.039425801774769766
820.0091834247128 0.4231 0.4385 0.4769 994.0699 2459.7038 0.4990604329860233 0.13988142472491993 32.44200924484837 368.34677060108163 48.122839257954716 50.14224123937616 0.33366971624015795 0.14017454074086358 0.7110993952659104 0.028512079140393578 0.3251740136032453 0.15025314960137642 0.6929937994823261 0.06389916018615426
830.0091834247128 0.4231 0.4385 0.4462 1016.5019 2455.5357 0.5253950123358563 0.1399337875506605 33.072592423541856 380.9499454072636 47.90655280311154 51.37068609178192 0.35775332250442193 0.17214761080256885 0.8018608952685319 0.027237140908523843 0.31726611399541854 0.1504199973246173 0.7111137037828347 0.05544027006130997
840.0091834247128 0.4308 0.4308 0.4385 882.8784 2421.0628 0.5329912833194456 0.13806555205990345 33.21864788147045 382.9968323651932 48.66159312196591 50.979089810645 0.3663712231508492 0.18249591287176434 0.8355834913966736 0.02132516639211999 0.3089308915118785 0.14710515460784196 0.7045792262551616 0.0551236764883103
850.0091834247128 0.4154 0.4308 0.4385 879.9781 2416.2064 0.5367240459384265 0.14164663056663218 33.874712988290895 366.36200744865005 48.80539899216462 51.14543088299868 0.35807930939572485 0.18066325592266683 0.8166721091481444 0.03496290928978923 0.31065326068682675 0.14953359060763038 0.7085074366541662 0.057545045944788466
860.0091834247128 0.3769 0.3846 0.4077 861.12 2533.0773 0.5429624511595337 0.14206669774794947 34.42810011926743 357.14181593356375 49.56109450671929 52.170183098550886 0.3192691229266849 0.17054358390095425 0.8138232545190008 0.029473200498019422 0.30274780348417063 0.15456513627837043 0.7717100873125917 0.02963706809866109
870.0091834247128 0.3462 0.3615 0.4385 966.0655 2540.041 0.5209907453441172 0.13382107421146158 34.20110584226586 316.5650908204589 48.388220699293214 49.66172531286454 0.297513577946627 0.1428220489232314 0.6668407781562329 0.07262566546208324 0.30595121078256604 0.14100141365057176 0.685752713822993 0.05408925435667238
880.0091834247128 0.2923 0.3462 0.4154 850.1758 2519.3336 0.5128214584499062 0.13152260469984284 34.85561482737242 275.6149362344503 47.43393280083866 51.62021405600885 0.28090574752948777 0.140555453870917 0.6762545773858039 0.06970575345674936 0.30603660970465596 0.14839484417546792 0.7367548011408384 0.037866327221751574
890.0091834247128 0.2923 0.4308 0.4692 970.1604 2681.5529 0.490135988349349 0.13072196635296401 35.9921528776182 187.56461911144254 47.82176576851386 49.714081207907824 0.26655202527721794 0.10188202267146013 0.5680616932137431 0.04491565471383079 0.35144621943290627 0.15389946741832095 0.7489837463324232 0.028172222974381142
900.0091834247128 0.4308 0.4462 0.4615 891.3369 2614.223 0.4627324862727069 0.12367711883363683 36.79695631777924 113.73856769384503 47.36192253903644 49.36863079875056 0.32065853361612295 0.1258494319805454 0.6947601561682664 0.010846146153603931 0.3409655349742783 0.15234360283336754 0.7387586591109363 0.034236235017958735
910.0091834247128 0.4154 0.4462 0.4615 682.4987 2587.0442 0.4580460169046278 0.10601991767041107 36.71370990117315 95.13084035285674 46.01598686595289 47.87586005513024 0.3168379511253489 0.12253344928508515 0.6864822274382559 0.009856972677809885 0.3247204387225886 0.14122114989243242 0.7035609505656086 0.03771669319697603
920.0091834247128 0.4154 0.4462 0.4692 756.7594 2663.7341 0.46823405939565016 0.09689111118388795 36.76646420205864 89.77562020555186 45.17081614589781 46.283288006456296 0.32693297872429833 0.1302856655744861 0.7083547872359797 0.010100559630194213 0.3208040734259339 0.13640542879888815 0.6950754924228568 0.03368621802561526
930.0091834247128 0.4231 0.4385 0.4615 718.0567 2574.871 0.4931439849400463 0.1013394442002884 37.21125918757155 92.22327558931126 45.290393752153015 47.271294909674296 0.32215067897281313 0.12790978143260082 0.6979931377744284 0.01288532842606374 0.32585596645114023 0.14109436959605298 0.7060212606441372 0.035540455293788194
940.0091834247128 0.4154 0.4308 0.4462 754.3407 2559.7998 0.49289559796272336 0.10217138852030404 37.27069225637854 92.21854736719447 45.59095846787568 47.91675283732047 0.31324288764396657 0.1305642437346314 0.7144136033985202 0.009044355257456156 0.32989966905600315 0.15157168136252383 0.7524027539873755 0.025587058384742324
950.0091834247128 0.2769 0.4769 0.6154 795.0741 2620.0067 0.46314545254911965 0.09424386980467221 36.853105975233824 85.56157425687488 45.2809906266608 47.57430835145966 0.32245693039454837 0.10920023774545946 0.523992511891141 0.07137442813236673 0.4428868668128609 0.13690562651397048 0.7196911585708989 0.02181946462889897
960.0091834247128 0.3077 0.4385 0.5769 724.8453 2591.8758 0.43923744307469414 0.08802719378191332 36.52953458629829 81.33371492883427 45.45392116388815 46.94539779096962 0.3079058874039149 0.10460432231899443 0.5409157481420126 0.0570834732380113 0.4385734241089784 0.15953731070773455 0.7704668261373945 0.022706325090634766
970.0091834247128 0.5462 0.5615 0.6154 744.1178 2652.0358 0.5072588616097758 0.09473314095909086 37.52272641097166 86.0099273321721 45.306061828148735 47.72303976520655 0.3864908736372291 0.11138357989042234 0.6280476696604973 0.02824996429391032 0.4020182287965338 0.12490037539168135 0.6532796217943675 0.037729526612592955
980.0091834247128 0.4692 0.5923 0.6615 721.1949 2610.5883 0.520618628402956 0.10200061402750638 37.95015445744638 90.45403193772762 46.89929807135538 49.67021854505815 0.4039938531346507 0.11050164989728634 0.6252285822321976 0.03175471869347621 0.43879145234216566 0.13288135597730932 0.6790820095771611 0.04138346245723082
990.0091834247128 0.5308 0.6154 0.6462 775.3418 2650.9879 0.5137889618821947 0.10125402254098576 37.845277500091214 87.18328304898732 46.559710967792945 48.44694264974302 0.42587856384393286 0.1180768064028599 0.6513436858789561 0.03272867759495806 0.44245748670213064 0.13440194997569752 0.676699685544435 0.04600432918511771
1000.0091834247128 0.5538 0.6077 0.6308 737.2225 2579.7459 0.5126162814828966 0.10099267254355279 37.872153727656 85.73602694169365 46.27232229192741 48.81901502012408 0.4134383885078517 0.11612159273463668 0.65545110373196 0.02434852290471229 0.4347839708215633 0.1375033300288162 0.689291661058576 0.041390953483380656
1010.0091834247128 0.5385 0.5923 0.6154 705.8507 2621.0817 0.5150389541585707 0.10483887249487511 38.03841965081881 85.74163293993536 46.57085733136496 49.29492310216893 0.4043861227415308 0.11843545900887761 0.6571274494549875 0.02520902709542463 0.4472310626147161 0.14939673032566173 0.7267504767489137 0.03823935206837935
1020.0091834247128 0.5615 0.6154 0.6308 632.4508 2522.9923 0.5156133417691997 0.10456938415673721 38.10223565057945 83.9490246209597 46.264886046164484 49.210906027286036 0.4203817775142862 0.11641858133927915 0.6746868034179903 0.01400401432673697 0.4598428339945545 0.15075454398766697 0.7380193632011368 0.035225791425786905
1030.0091834247128 0.5846 0.6154 0.6462 626.5483 2656.1531 0.5045687137558724 0.09913922907970797 37.902391276146304 78.59790817992722 46.29874288414239 48.37095535012956 0.44452801774714434 0.11911399371107703 0.6879600274658186 0.01563975726495128 0.45324788970024676 0.13906732166216634 0.701455067393239 0.039936929635000895
1040.0091834247128 0.5385 0.6077 0.6231 841.1443 2658.1917 0.5102736671781208 0.10042631790167507 38.004570841271985 76.92298257224876 45.4187775903881 47.24191643765292 0.4195470450806183 0.1158350306895981 0.6733471093886466 0.013752253076707665 0.4478521253439691 0.14668668570939908 0.718775015984148 0.03936551809291018
1050.0091834247128 0.4615 0.5462 0.5923 778.0033 2657.7792 0.538500762188043 0.113034057011097 38.739421851875235 86.23475319063455 47.85545988335133 49.57045360651129 0.35190634076970095 0.1030110294413634 0.5941275883124821 0.0290437858369355 0.42131968647527535 0.14734466244453961 0.7113189511920233 0.041101967734709546
1060.0091834247128 0.5231 0.5538 0.6 781.6776 2541.093 0.5332045321687988 0.10974819943933661 38.65307374067822 81.3207269136677 47.328644974593 49.66481343462648 0.3757410257297623 0.10651748613563142 0.6262350428829372 0.019545992840741884 0.4096757778654636 0.1378190404307118 0.6827929631091061 0.04198729642671261
1070.0091834247128 0.4538 0.5692 0.5846 653.7174 2613.3662 0.5232558586328117 0.1103633595057482 38.61909544034965 79.83679916908973 47.456309912420146 50.56270719665247 0.36645188412560614 0.10855600244043147 0.6268255912674843 0.021331302562097993 0.40881555405635955 0.1362872711869787 0.6992897635174571 0.02858012331640623
1080.0091834247128 0.2692 0.5 0.6 893.2436 2577.6183 0.4926174230949177 0.107059076204465 38.20211978240254 76.0501158404266 47.46077675694606 50.1751318439879 0.3080783769127735 0.09118790629055874 0.5134639615212891 0.04594166792611203 0.42124443846176124 0.1385815774486169 0.7020740641029354 0.03244537865594759
1090.0091834247128 0.1615 0.3846 0.6385 819.0496 2617.0143 0.47595906990495657 0.1060199268022949 38.02592100697088 73.35106636347965 47.69918397866147 50.01330543634274 0.30325008630333755 0.08762277754660705 0.4749700146919745 0.055289115853791364 0.44168133129941245 0.13365152298012248 0.6917900369749834 0.03512392039547714
1100.0091834247128 0.1692 0.2923 0.6615 676.9952 2649.7845 0.4669076019949256 0.10866150417375924 37.940306527020084 71.09994670024315 47.67770810834123 49.55650583097202 0.29050579395854903 0.0780798761340551 0.4391366652861788 0.052460555466602214 0.45528147304012767 0.13464297639481565 0.6882161801769372 0.042145089394905536
1110.0091834247128 0.1846 0.3231 0.6462 768.0146 2638.6352 0.4645131943018195 0.111820090063246 38.02478484390508 70.77459674938213 47.83235877634109 50.81351033024408 0.26927553830434753 0.07526669490622707 0.4217568672236769 0.05331304503059001 0.4506679546490669 0.13917009486433998 0.7058654711370927 0.03660643506300542
1120.0091834247128 0.1615 0.3385 0.6385 712.201 2662.031 0.45609417918455 0.11232899528554692 37.976185673818385 69.42491606898555 47.55241178402851 51.25248465988217 0.25903081960860547 0.07426492528906393 0.4057109222785387 0.056595958833616046 0.45205418508481293 0.1415553801219541 0.7080366754340442 0.039235484713752725
1130.0091834247128 0.1462 0.2692 0.6385 467.4956 2642.5728 0.442991212014091 0.1057004346356257 37.601035267821004 61.846813454810004 46.353574916757196 47.43188825513379 0.24759770745143703 0.07562912030959933 0.39737903665045454 0.061687996690082125 0.43268864874215734 0.13859597731691262 0.6944385720553142 0.03944465490508028
1140.0091834247128 0.1538 0.2769 0.6154 779.3149 2723.2708 0.4532789533910174 0.11429306738680303 37.97571405174468 64.35242095920034 46.77057015019222 50.13130698838565 0.239050195019881 0.07441365998219752 0.3884565669073066 0.06273837004944594 0.44521154429090987 0.14065635276025884 0.7234687594727285 0.02582072561416798
1150.0091834247128 0.1769 0.3154 0.6077 721.7577 2557.1644 0.45596857889356335 0.11733814408567876 38.10119426573268 63.64339393396732 47.01954827576222 49.44993296078302 0.24565413790906007 0.08600389450999439 0.4042409864326305 0.07730801755485724 0.43914251628532963 0.1418186704533845 0.722639583760669 0.02705357005518442
1160.0091834247128 0.1385 0.2923 0.5538 665.8731 2621.938 0.4434165817825846 0.11336561213825967 37.90437625935664 61.04328577384408 46.77840540619947 49.08673627156538 0.22293270190723127 0.08206780540765468 0.402517378443612 0.07580504600854303 0.40907997742878077 0.1510120609360026 0.7386166259130764 0.027544592206138318
1170.0091834247128 0.1769 0.3 0.6 729.6363 2685.4655 0.4511252719387705 0.11907336547758984 38.19601003062161 62.48543589437117 47.687657532528284 50.413554921233015 0.24051056124348152 0.08827386101850361 0.4008509354058025 0.08278007963658336 0.4395158533425956 0.14741243625105238 0.7325264222376593 0.029538201908636496
1180.0091834247128 0.1615 0.3 0.5769 714.7184 2660.2883 0.4475536164513601 0.12010681724843437 38.23061463964583 61.967024046905124 47.44043571391363 50.970445993535336 0.23620089605615402 0.09244865679513063 0.414947520098649 0.08818167215084077 0.43339872458901524 0.15602894095148512 0.7613761377915133 0.02258745682007987
1190.0091834247128 0.1769 0.3231 0.5538 727.4816 2690.0018 0.4471416515853398 0.12154480395048767 38.26459408092097 60.44847035944259 47.897067628061 50.44175091357522 0.23500010456862153 0.09220629669922037 0.42430574436001106 0.0860749634530509 0.41984618854425104 0.15772834730431456 0.7580556182048976 0.02658429022252659
1200.0091834247128 0.1615 0.3769 0.6 790.4369 2612.5199 0.4388381865173183 0.11146609804748425 38.048062073499025 53.22816736435773 46.93863606990785 48.53337565317294 0.2755555022074028 0.09982956435256402 0.4592591703456713 0.08178365522632498 0.4372825804227604 0.14860223406656653 0.7288043007046007 0.03373545561494525
1210.0091834247128 0.2154 0.4 0.6 674.6863 2616.0933 0.4312415906383793 0.10471211548420903 37.88349024204648 47.63648126730918 45.47986015372508 48.01732793428908 0.28242885845071225 0.09996920153249499 0.47682794283886487 0.07576998031977118 0.45035076537956165 0.15615936712240683 0.7603324610304287 0.026269659909046998
1220.0091834247128 0.2 0.4 0.6 615.5637 2660.6686 0.441106366004282 0.11231916342841482 38.19332536509466 50.73998726205052 47.044006002324785 48.74959309490443 0.28134455438386324 0.09925530744796672 0.46890759063977205 0.07719292999647165 0.45658100925536493 0.15455169333633612 0.7609683487589415 0.024286963800318886
1230.0091834247128 0.1462 0.3923 0.6077 637.4215 2584.8651 0.4209840102268335 0.09786079109000152 37.72195364626904 43.02125801532639 44.5816534649356 47.814065232795784 0.2682913409749845 0.08966106123153207 0.4471522349583076 0.06919466385126631 0.44463826553772223 0.1529022479176863 0.7410637758962038 0.0336378410270222
1240.0091834247128 0.1615 0.3923 0.5923 565.4687 2605.5085 0.42536077970862246 0.1019917148039911 37.85352703421927 44.40674215250642 45.24790528334485 47.10449980261189 0.26896047664492906 0.09211017763196837 0.45408911641351657 0.07117388920344282 0.43303426818022606 0.15044598668238118 0.7310968164081738 0.034582415978029045
1250.0091834247128 0.2077 0.3923 0.5769 657.9144 2585.9438 0.41723294093510754 0.09966367710836035 37.73333027523609 41.88905700306805 45.03845657156464 46.10051521842163 0.26679037312825316 0.09471644781094138 0.46868579063071497 0.07145388736607981 0.43091915489021626 0.15498109973647017 0.7570201369692988 0.023623987906496665
1260.0091834247128 0.1769 0.3231 0.5692 732.4036 2664.0391 0.4245445880363434 0.10809858331742064 38.010623247019176 46.77747884776671 46.292965071773104 49.39586407699992 0.23840715304105586 0.08016701626546573 0.41882337696401706 0.0650673660030039 0.4180695260071866 0.14966481067229018 0.7344464646072197 0.028931208190544504
1270.0091834247128 0.1615 0.3 0.5615 707.3094 2637.9374 0.43263834750193675 0.11373520522373423 38.2447993865975 50.12119899556816 46.54383647706469 50.65518651417516 0.23267060136173223 0.07422398798994123 0.41434490653459166 0.056663324610440186 0.41073260292343183 0.1485671312462856 0.7314416216444676 0.028344797576811784
1280.0091834247128 0.1769 0.3154 0.5846 598.9003 2654.7522 0.44085268859146387 0.11596070424056584 38.38183092228471 51.32450807439087 46.987227205727365 50.21550135815012 0.24938516919347317 0.09094194595433622 0.44411057527604814 0.0752569353281552 0.41350087361979926 0.1492248687986846 0.7363714187749849 0.02630646182805818
1290.0091834247128 0.1769 0.3154 0.5846 625.5995 2690.1228 0.437641819470793 0.11004516165048543 38.24984795536004 47.551901167625864 46.32356598540709 49.72470868013773 0.24122716966642 0.08126392573449133 0.4181270940884613 0.06669658877054255 0.4208398486704353 0.14770862691081144 0.7294557376954212 0.029328250635148444
1300.0091834247128 0.1385 0.3 0.5769 594.6211 2584.6819 0.43537551032481464 0.11353128814249448 38.29354228000729 51.30542654900685 46.746320467593996 51.01178912239057 0.22878573168770508 0.0685310106445565 0.39134401472896924 0.05340891104764987 0.4251633531462217 0.15115151550685627 0.7272531040659056 0.03735562148811869
1310.0091834247128 0.1538 0.2846 0.5692 706.9609 2575.3417 0.4415771822926232 0.11483380223892801 38.35959134364585 51.952392502866275 46.92581326663182 50.65961905805146 0.2260911174981755 0.07240468368016324 0.3971870983076056 0.05905996711858226 0.40571832936193813 0.14407456843602912 0.7127484164466481 0.03276457409296044
1320.0091834247128 0.1462 0.3 0.5769 775.6717 2553.2949 0.4572320069863009 0.11703786369336477 38.637067662711445 55.187371999338225 47.2312470870474 51.26753511061199 0.22966681390737467 0.07761720985186812 0.4034687271345771 0.0660749445869082 0.4086822852897944 0.14359472276976706 0.7179553660496387 0.028663608386830783
1330.0091834247128 0.1769 0.3077 0.5308 736.0269 2563.6651 0.4442710577492846 0.10707626497775077 38.28263272232032 49.7973890248332 46.78883361571154 48.68272327725839 0.2156634435529837 0.07567876926397356 0.40051782374125544 0.06637591377839744 0.35796033711051456 0.14625359543317965 0.6647834832052413 0.06650357428494463
1340.0091834247128 0.1538 0.3231 0.6154 829.7735 2635.25 0.45471657951669303 0.09854980160103022 38.21060035864307 47.5721389342973 45.48209335058438 46.88911290265374 0.24722766162959392 0.07543320229130836 0.40174495014809014 0.06031341602213002 0.4276264103547099 0.13929943460218838 0.6948929168264036 0.03939112510775782
1350.0091834247128 0.1462 0.3385 0.6385 633.6393 2624.9403 0.45593318955125933 0.09823117247112356 38.21723127002731 49.52101662721697 45.982444500046284 47.85038234488947 0.2576719981048257 0.07739269995106737 0.4035826476340644 0.062146789933187105 0.4334301678958447 0.13495220919716014 0.6788665280296363 0.04365240274346585
1360.0091834247128 0.1615 0.3769 0.6615 726.2936 2629.2606 0.45418743015456864 0.08945708024216753 38.0687990492587 46.31770394321834 45.24753357851506 46.206941753861784 0.269762934541304 0.07377349440891875 0.4030940401191899 0.05629032603404664 0.45596238265471906 0.12819517708717176 0.6813231005185457 0.036963913495689206
1370.0091834247128 0.1385 0.3462 0.6462 737.8262 2591.1188 0.4783065351610744 0.09903083416687883 38.53174954137474 52.660720275605975 46.33702697370406 48.6323337210138 0.2608307014797133 0.07791496566037474 0.4085300143658161 0.06149809231376025 0.4505280962020585 0.13449481217309175 0.7056464157381639 0.029364567871167608
1380.0091834247128 0.1308 0.3462 0.6538 699.1727 2605.8908 0.48895577402302887 0.09719536499016902 38.60369739315295 53.28822379845283 46.53787410928549 47.71955940035469 0.255885865487034 0.07462984151499198 0.3960138394442193 0.05982975577212895 0.4708641124568794 0.1404946767571076 0.7287182692785039 0.028192269533732814
1390.0091834247128 0.1615 0.4462 0.6462 643.6458 2555.5113 0.4988892419352121 0.10104146802941659 38.71793777174432 56.95908917851679 46.71247205079699 48.42934494014499 0.2641808228386089 0.07793377281807631 0.4088512734407042 0.06126465138635714 0.4848549064995764 0.146906201382146 0.7503706886302969 0.02668841102177156
1400.0091834247128 0.1846 0.4692 0.6692 742.7536 2543.0089 0.5321029070669964 0.11206569293877441 39.29490418445376 64.85669896201436 47.82013274019242 49.715973791144066 0.27543472752834997 0.08034013327545268 0.41156913308833903 0.06382998389754602 0.502609382665334 0.14065143547950765 0.7510255143275105 0.022240918158228824
1410.0091834247128 0.1462 0.4462 0.6538 767.6102 2613.1111 0.5304187548008289 0.11177661831999977 39.2466282409101 66.27639008174911 48.280796599704885 50.16213639767955 0.2685530425571437 0.0767292556847842 0.41561780395748427 0.057394751768999004 0.4904677659653778 0.1488059540421167 0.7590572568511799 0.02494559866365263
1420.0091834247128 0.1462 0.3385 0.7 753.5625 2537.3779 0.49221189810597393 0.11188163958057172 38.60792186863912 64.4360431890358 47.04567037139478 49.57645817062243 0.2728670639519848 0.07917539659598383 0.39414131459731133 0.06642358234863098 0.4969953165378993 0.129656390032615 0.7178821238880768 0.027576541328777203
1430.0091834247128 0.1615 0.3538 0.7154 766.7123 2563.1841 0.42459471203527144 0.11421366906616674 37.53662801411509 62.22793546538368 46.731862628594804 48.6615963281684 0.2749963540070928 0.07133755845832078 0.38858180457523983 0.056504604620211604 0.5014100078761247 0.13485086517455436 0.7085141415640891 0.04281352217628221
1440.0091834247128 0.1846 0.4154 0.5769 771.3148 2617.264 0.40730529708058694 0.10183043823947514 37.186805499995664 60.073612293251934 46.933048411552605 48.025345238523585 0.24539571813689254 0.08226672902399908 0.42535257810394705 0.06583141174337905 0.4370160830974875 0.15544798787435685 0.757494544035645 0.024942419090167953
1450.0091834247128 0.1538 0.4077 0.5846 700.6467 2691.4874 0.41802738219421376 0.11136269285952609 37.48893170269215 68.93480236563613 48.161240642784556 50.18966968850525 0.23324477950155623 0.06962768491424483 0.3989713333579251 0.05275787196541326 0.4543893368769855 0.16167707966180192 0.7772449183422121 0.02380087883200162
1460.0091834247128 0.1846 0.4308 0.5923 654.6274 2597.66 0.40853647567294193 0.10845385766440128 37.20588538852923 66.37035122668019 47.15135268467759 49.33163083945058 0.261317946269814 0.0890536901663097 0.44699122388257667 0.06907143047560219 0.445234550892429 0.1542622553760212 0.7615854160002076 0.021190497972221424
1470.0091834247128 0.1769 0.4308 0.5846 716.8535 2632.5958 0.3984617065897507 0.10431132443248438 36.91936331160272 63.79655015035224 46.71883925780169 48.64020632267434 0.26574878988149914 0.08765257688256725 0.4545702984815117 0.06378534738699156 0.43858139680534114 0.1514629417104719 0.7502050208512415 0.023617564268583042
1480.0091834247128 0.1769 0.4077 0.6 615.4782 2639.4471 0.4015004263217828 0.10939195739372469 36.9791564100142 68.12748888654453 47.28911818334151 48.78589095076699 0.2710698196883969 0.08400477678914409 0.4576503449284623 0.0560748788467734 0.4394911889133409 0.15123867339763136 0.7419981111523937 0.029294768027342644
1490.0091834247128 0.1769 0.4462 0.5846 672.0329 2708.0124 0.41229550338566784 0.11034896956822965 37.04316582025227 69.97276625787863 46.96658469689096 49.27769572903895 0.2883115076016305 0.07441982418167627 0.4515722408218309 0.042452000767609514 0.4586712652718145 0.14698933756020574 0.7184007769317576 0.04237395437648762
1500.0091834247128 0.1769 0.4231 0.6 642.6221 2630.1991 0.40664140646103125 0.11017841983218037 36.95491747932822 71.6089983965036 47.50103795524471 49.38670153830097 0.2725463536506756 0.07982568909547375 0.454243922751126 0.05012704679218957 0.4339951670365017 0.14772625833944722 0.7233252783941695 0.03549174317963362
1510.0091834247128 0.2154 0.4154 0.6154 659.0441 2663.9658 0.4289210342589044 0.11514428667582788 37.21970738176546 75.89985437129063 47.20282884599163 49.31368564192846 0.2899309830412207 0.08989914363940718 0.47113784744198367 0.060343247679045225 0.4652829856006857 0.15500613462672277 0.7560848516011143 0.030457221656029793
1520.0091834247128 0.1923 0.4308 0.6154 748.4526 2677.9551 0.4089811744217048 0.11444844906308776 36.84454118650031 75.63868397081718 47.0838831086742 49.078221063016194 0.28995902974609383 0.0831059896969252 0.4711834233374025 0.04923390199665245 0.4441377039852728 0.14330909778643539 0.7217237689760683 0.03113464216732552
1530.0091834247128 0.1692 0.4077 0.6231 774.1779 2649.2826 0.40524097887455146 0.12043964606578458 36.84692312898269 80.55747927588426 48.273890137497006 49.58125753700685 0.28587971175143395 0.08744079157027568 0.47043496870489127 0.05667927739431986 0.4491193902118317 0.15049304091611918 0.7390572243992167 0.03186449808377274
1540.0091834247128 0.1615 0.4077 0.6308 758.1845 2548.6467 0.41793902129247607 0.124569080813721 36.99207502067539 83.16480191519798 48.12775338304169 49.483774140648634 0.26605440365458854 0.07041625843772965 0.42700089475427794 0.04396286732737123 0.45613821557121537 0.14769050387523047 0.7320736793118272 0.033620783678189006
1550.0091834247128 0.1769 0.4231 0.6538 666.6026 2558.6418 0.4141459654309597 0.119825262764201 36.83613305473232 82.11696006593726 47.72835019509521 49.30688490459393 0.29684039375682825 0.08316170964189812 0.4539911904516197 0.05551820209159891 0.45641167541276034 0.13530548875015508 0.6980413859253982 0.03711508712113671
1560.0091834247128 0.1615 0.4154 0.6308 752.4479 2580.1646 0.4095061137519705 0.11889437889436368 36.75129980122028 82.92291421685552 48.30981421896634 49.35162341780731 0.27838458229778806 0.07856348599324743 0.4467900703544747 0.050501197558973275 0.45942977153013287 0.15220743449287083 0.7373564234434231 0.03794184855993561
1570.0091834247128 0.1538 0.4 0.6385 797.6361 2553.2496 0.42358532115113035 0.11808364729250523 36.82757929014076 82.96771982461526 47.180166410336234 49.37022801174142 0.25403479543989554 0.07557852474227193 0.4027380903315418 0.059737953689853865 0.45671792297490527 0.14189273602057567 0.7240649998382644 0.03001082384020153
1580.0091834247128 0.2 0.3923 0.6154 645.5741 2677.6831 0.4278124463884175 0.1244218788381505 36.88621969992662 87.10439761872918 47.86870957783388 49.41702761697944 0.24587245712686231 0.0734376880614074 0.3995427428311512 0.05774220208312005 0.4515440182015368 0.14727288235307825 0.7337590295774973 0.030784516369530845
1590.0091834247128 0.1615 0.4 0.6154 737.9113 2526.8711 0.4274699161172836 0.12123037353956027 36.79569408657136 86.36779136727436 47.311537196773784 49.44672744416956 0.23949616756011463 0.0741183513060864 0.3991602792668577 0.05961304867402595 0.4455809256991934 0.15056241806983384 0.7426348761653223 0.028773341310903366
1600.0091834247128 0.1692 0.4077 0.5923 754.5973 2598.2094 0.4320323419720431 0.1230038544431034 36.826363103881306 88.06423242784909 47.24472365627025 49.37338438323675 0.2456276382517488 0.07723388963435635 0.40937939708624804 0.06148463962546143 0.439386530375588 0.14766049573357856 0.7323108839593133 0.030081713633184355
1610.0091834247128 0.1385 0.3231 0.5846 783.3597 2641.9659 0.42088184605611567 0.1210463477485174 36.611321425966395 88.16401802665332 47.434206778451696 49.431172230792235 0.2218139665449969 0.07461732521109501 0.384477542011328 0.06669051455373085 0.42309829218404293 0.15067744072191802 0.7333703731190078 0.0320481550114994
1620.0091834247128 0.1231 0.2692 0.5769 751.7388 2656.694 0.41892265952133434 0.11587770385976967 36.451499405784475 85.29473316031833 46.5684661673741 48.8308117672485 0.20272352555336032 0.06751811241396755 0.35138744429249125 0.06475593130517673 0.41076574923084486 0.14212614982585717 0.7119939653334645 0.030389498966801577
1630.0091834247128 0.1692 0.3615 0.6231 760.1689 2763.9813 0.41341778101316906 0.11277690546134717 36.268979365964505 85.67931242609313 45.96381530083864 48.81247420178518 0.24849328308125632 0.08684301842447952 0.4038015850070415 0.07829937086287496 0.43710870937423 0.13796768216662486 0.7103016527331237 0.02878327930211019
1640.0091834247128 0.1538 0.3154 0.6 752.0288 2605.6517 0.41152117906289076 0.11079006111151833 36.16766381887708 85.16043023765288 45.67557507944301 48.322670537265545 0.2284236317528746 0.07345526552379161 0.3807060529214577 0.06433365937871172 0.43439631852635957 0.14675792153460726 0.7239938642105993 0.03347737502635011
1650.0091834247128 0.1692 0.3385 0.5846 747.202 2635.245 0.4136342647402974 0.11441902349614289 36.205395606975955 88.23936643917713 46.15508017356677 48.964905663590315 0.2369709441720644 0.08258917778016549 0.40534503608379435 0.07289378872219446 0.42472841720410504 0.14673072209231158 0.7265091346912324 0.030207108098329397
1660.0091834247128 0.1231 0.3231 0.6 665.9837 2642.3501 0.41253564915740487 0.1065878991146066 36.129703876028955 86.4904952774805 45.76649262861616 48.809151115696885 0.22677364382773013 0.06846330742056812 0.3731718189570243 0.05789569828409301 0.4383410522712988 0.14333247982427533 0.7213207189274538 0.03031386238954176
1670.0091834247128 0.1923 0.3385 0.6077 714.0437 2637.1435 0.4114991144588801 0.10741686202899994 36.0277188499942 87.31137641669226 45.55533085019733 47.83254246540835 0.2539261875160503 0.08238802581345755 0.41785321996312075 0.06688150898105705 0.4395421100937819 0.14376468441725945 0.7232971431922994 0.029894193719301868
1680.0091834247128 0.1615 0.3154 0.6077 666.7562 2672.7909 0.41823530197350184 0.11167733831911418 36.167090629826866 91.89463225016307 46.06031969505648 48.54749286158571 0.2469698189779411 0.08386466140760686 0.4064060312295233 0.07307269358207757 0.436483119220457 0.1419243271284015 0.7182633607425242 0.029733804634767515
1690.0091834247128 0.1769 0.3231 0.5846 611.5452 2742.1949 0.41854486922680484 0.109290758962801 36.07871832859946 91.20644624593413 45.46205432594473 47.68566521493986 0.2512823792400389 0.08539384267272362 0.429825122384277 0.06911202422198384 0.4365421694571994 0.15090246050664485 0.7467168688083674 0.024851382717907173
1700.0091834247128 0.1692 0.3308 0.5615 635.0224 2609.3174 0.41348929185720207 0.1088165619176034 35.96486961451548 91.99260537236609 45.70237704426543 47.81419319593012 0.2471130595249125 0.08459020153783334 0.4400643525786113 0.06546713931705714 0.4256834318145115 0.15646721231850103 0.7580663854231027 0.024869184182629085
1710.0091834247128 0.1538 0.3231 0.5769 733.0054 2543.2755 0.41906361932060354 0.10949677568152984 35.719641935197465 110.0900265290489 46.024540591103595 47.6196071298253 0.23757651821616926 0.0782312494741469 0.41736415362300006 0.06217944555054076 0.4294041826327612 0.15459165132548633 0.7543586992197157 0.024692264446135332
1720.0091834247128 0.1462 0.2923 0.6 626.0841 2629.3987 0.40799926726461755 0.10202275708471761 34.853256445145014 138.72469106182646 45.711761917699626 47.95385742521624 0.23116127782608165 0.06926651032569385 0.39027228723883917 0.05465710893747257 0.42991399003595765 0.14888032174235472 0.725828814346422 0.035095151800665844
1730.0091834247128 0.1308 0.3 0.5846 667.1021 2719.252 0.4187379628792208 0.1042978214560666 34.252474471529574 181.15958466213638 46.13535596649997 48.514105666575425 0.22642986253756475 0.06710023065272094 0.39247842839844554 0.050920861374107264 0.42373526479136286 0.15127027632518822 0.7344744589716956 0.03238669637069922
1740.0091834247128 0.1846 0.4231 0.5769 699.7026 2587.5046 0.41891259328506003 0.09954609170114505 33.07923189740103 231.11429484042873 46.03166720134377 47.8854524966631 0.22092507070884737 0.06101718762681803 0.3829367892286688 0.04348917102438625 0.4188557722297791 0.14960030485781275 0.7260166718649504 0.03477221987358136
1750.0091834247128 0.1231 0.3846 0.5769 665.757 2664.7607 0.4298184202759509 0.10246661181139921 32.519615033563795 272.1851000685236 46.96995533832798 48.97046697269332 0.21694798265511755 0.059479383814553324 0.3760431699355371 0.043051907041839366 0.45003513109538157 0.16408000223863278 0.7800608938986614 0.025112242204595757
1760.0091834247128 0.1692 0.3538 0.5692 800.9408 2546.4993 0.4404545921127106 0.10733091067177666 32.00932342762737 314.7336474385859 48.24117673981262 49.824705524095165 0.2294818488472375 0.07329865611301435 0.4031437885154172 0.05855797876644089 0.4160014009545562 0.14979854759362352 0.7308132719471933 0.03149218248588182
1770.0091834247128 0.1846 0.4077 0.6 753.8689 2609.4718 0.41828996086191655 0.08605988552929357 30.71446590155759 320.7221106879409 45.085479924759554 46.984194412165756 0.2688055531632206 0.08631296500421788 0.4480092552720343 0.06327466168689272 0.4511419392353395 0.15707758006748668 0.7519032320588992 0.03407563055623997
1780.0091834247128 0.1769 0.3923 0.5923 665.8973 2646.3699 0.4410018255626806 0.09928104723149689 31.234133523889046 334.9476204334057 46.78075129379649 49.0104878319072 0.2516834518044342 0.08196363893850475 0.42492011343605773 0.06454217494551337 0.44450404908629765 0.15277426826879686 0.7504613815742687 0.02668388287715598
1790.0091834247128 0.1692 0.4 0.6 632.8484 2602.0357 0.44608006071992906 0.09936310119125424 31.287960156464294 335.4053455084351 46.557141647024736 48.88266932756799 0.25240928128244916 0.08055797774878135 0.4206821354707486 0.06325204163040071 0.4436012047535889 0.14833385079937345 0.7393353412559814 0.02702109418207915
1800.0091834247128 0.1538 0.3769 0.5769 499.3438 2607.6057 0.44179701363118984 0.09786956863227328 31.171357020401977 332.3036837458934 46.111177617256565 47.83871189009416 0.2428761917298702 0.08484261461913696 0.42098539899844173 0.07190667715303346 0.43500801071688344 0.1544270759197027 0.7540138852425979 0.025418626738724727
#####################################################################
# End of data export. Simulation finished at: 2024-05-19T06:52+0000 #
#####################################################################
