#####################################################################
# Alchemist log file - simulation started at: 2024-05-19T13:12+0000 #
#####################################################################
#
# Algorithm = ff_linpro_c, CamHerdRatio = 2.0, NumberOfHerds = 2.0, Seed = 89.0
#
# The columns have the following meaning: 
# time 3-coverage 2-coverage 1-coverage CamDist ObjDist NoisePerceivedNormalized[mean] NoisePerceivedNormalized[variance] NoisePerceived[mean] NoisePerceived[variance] NoisePerceived[percentile90] NoisePerceived[max] BodyCoverage[mean] BodyCoverage[variance] BodyCoverageOnlyCovered[mean] BodyCoverageOnlyCovered[variance] FovDistance[mean] FovDistance[variance] FovDistanceOnlyCovered[mean] FovDistanceOnlyCovered[variance] 
0.0 0.0 0.0 0.0 0.0 0.0 NaN NaN NaN NaN NaN NaN NaN NaN NaN NaN NaN NaN NaN NaN
0.0016644770398763775 0.0 0.0 0.0 0.0 1.6316 0.058823529411764754 0.0 0.0 0.0 0.0 0.0 0.0 0.0 NaN NaN 0.0 0.0 NaN NaN
10.001664477039876 0.0 0.0 0.0 390.0 2607.6317 0.028692472986753415 8.705463188419673E-4 11.438469816843133 125.47628213823697 22.505708033236118 22.640227686823486 0.0 0.0 NaN NaN 0.0 0.0 NaN NaN
20.001664477039874 0.0 0.0 0.0 400.0 2555.9991 0.02876090051028406 8.665982269888123E-4 11.91389907435619 136.1337947566351 23.466879868226197 23.715711190582397 0.0 0.0 NaN NaN 0.0 0.0 NaN NaN
30.001664477039874 0.0 0.0 0.0 400.0 2407.8103 0.02927054793146242 8.375260024811329E-4 12.835341633948747 158.03507403009533 25.377213097017886 25.668120702755303 0.0 0.0 NaN NaN 0.0 0.0 NaN NaN
40.001664477039874 0.0 0.0 0.0 400.0 2292.8761 0.03521505154440208 5.440066393983701E-4 14.644818889114157 205.8637133459398 29.231083419274448 29.764065283427364 0.0 0.0 NaN NaN 0.0 0.0 NaN NaN
50.001664477039874 0.0 0.0 0.479 390.9001 2325.3359 0.13078949095098452 0.0083051684633505 18.193173808042964 318.4515448994301 36.77996950609466 39.024740873519946 0.1518738082891981 0.024749168848496275 0.3116031583864582 5.897555339974404E-4 0.296691937748513 0.11112531205914065 0.6087300102081559 0.03676955015832411
60.001664477039874 0.0 0.0 0.4538 386.6838 2299.6443 0.15733755740571773 0.01940448810119556 19.10619406180212 325.3459403629367 38.428112128322645 41.1262585581285 0.1292448812605225 0.020562465567695726 0.2796389249091305 0.0020979511048750364 0.27560778291734317 0.10653406916281309 0.5963150212211606 0.03801259745169106
70.00166447703987 0.0 0.0 0.395 379.5517 2336.3407 0.14614195622403295 0.029619024767977963 19.604433813110845 301.84922105315974 39.12159715220162 46.10747446590943 0.07370627431185948 0.008445308936870902 0.18273013839815166 8.572990944185543E-4 0.26407481848478553 0.11330445627477898 0.6546854874935307 0.023298368083745406
80.00166447703987 0.0 0.0 0.3277 360.5434 2393.3356 0.11240958002438985 0.01699500973427133 18.15647634504525 287.9681472209235 37.320919975113085 41.984942165419184 0.056725763650333653 0.006727473978312815 0.1730863044715309 2.2015014620981445E-4 0.2200503209766738 0.10710887813473183 0.671435594774979 0.021549425480697375
90.00166447703987 0.0 0.0 0.3445 357.8304 2358.0818 0.11469418388261225 0.011228990042026826 17.643883378396932 302.08433767117396 37.19943801526477 39.587284594231775 0.08193760105386177 0.014063506190999593 0.24376436313523878 0.0020920468373786657 0.22043467301713845 0.10556765873555173 0.6557931522259869 0.026584085990969564
100.00166447703987 0.0 0.0 0.395 350.421 2454.1868 0.10910829936544664 0.004844698088848964 17.735273709330478 302.83712755825985 36.03599287405021 37.404887834334524 0.11465127216517032 0.021488545315731584 0.2965978562533754 0.0011835527726613898 0.23370680662100266 0.10336157811771975 0.6045893475630286 0.04182246842579298
110.00166447703987 0.0 0.0 0.3866 336.3211 2325.6574 0.1422015966229916 0.00920875231202861 18.423124405762284 326.21662480577936 37.10099082242037 38.52668039052331 0.11036927541834424 0.020665328001218397 0.29186541721739917 0.00124428596397614 0.2410016894687327 0.10789943488151785 0.6373155788173154 0.031049263767275084
120.00166447703987 0.0252 0.3445 0.4874 364.6116 2422.6266 0.2510431747558472 0.036633190499418246 20.053744062251273 385.8298083053398 39.67034409686316 41.10146417564675 0.22923561691706387 0.06198899685603306 0.4703282485022517 0.012946078436435566 0.34060071418284915 0.13437460911749408 0.6988187066855008 0.02345783667364737
130.00166447703987 0.1092 0.3361 0.5042 322.7376 2331.6727 0.30865826424365744 0.06517570428492044 20.851423015247736 417.9755212500659 41.785665261973215 44.23158484275164 0.22250690898908476 0.0582131800614526 0.44130536949501814 0.018232866436282608 0.36800308831792816 0.14350437605099228 0.7298727918305575 0.01841331062911124
140.00166447703987 0.0504 0.2941 0.4958 246.6775 2360.8904 0.2862478056624806 0.051972929196733283 20.529749713540205 404.59323773060885 40.802120842446385 43.087948557668376 0.20432408393620682 0.05167835573280281 0.412111287939129 0.018030867124047643 0.3606356266268157 0.14368074038735498 0.7273837215015436 0.020949970924079787
150.00166447703987 0.0336 0.2857 0.4958 243.069 2411.9303 0.31865317079735334 0.07326735690396824 21.031748925181788 426.1503576898063 42.58331086343239 46.3196638499448 0.18638994160288283 0.04305084761548359 0.3759390347583569 0.015098702319582968 0.3496187020887125 0.1344906298318939 0.705163144890793 0.018579326060562982
160.00166447703987 0.042 0.3109 0.4874 312.5845 2324.1013 0.2705388521378867 0.045103845875167706 20.31583842199821 396.15209811858165 40.33814451478535 42.52087348439045 0.2146702687217496 0.06251268662690106 0.4404441720325552 0.02822685310838133 0.34455676547817526 0.13833439799535585 0.7069354326190147 0.025703796727711444
170.00166447703987 0.0336 0.3193 0.5126 258.8483 2350.1283 0.29000948687405964 0.05656244311279191 20.581083073388037 407.15351577406835 41.28507250269391 42.393276158748634 0.20816565526583428 0.05707311558664966 0.40609365535466035 0.030526867183083586 0.36466555612062734 0.139572544441628 0.7113967406287648 0.023718178959538323
180.00166447703987 0.0 0.3445 0.5126 217.3184 2486.094 0.2636821381941908 0.04268200369003281 20.218193418268942 392.41659929527844 40.026458654260665 40.98660099041282 0.2273658989509324 0.06606430452269406 0.44354986844526156 0.03243995481162797 0.35957017030356364 0.14219724053067076 0.7014565617397389 0.03583914619051952
190.00166447703987 0.0 0.3193 0.5126 260.759 2356.5885 0.25551975220760753 0.03948242504221419 20.108098866874556 388.15650083617265 39.75872173629791 41.03042835792948 0.22451851145702095 0.06879373198398937 0.43799512890795894 0.04023425901293276 0.3529569005003223 0.13531837410161446 0.6885552649104648 0.03119681467806524
200.00166447703987 0.1261 0.4958 0.5126 265.6509 2475.0956 0.29161096929270935 0.056162646625604606 20.600650783163545 407.7388080310715 40.78714403201667 43.39559908971246 0.26131368725369863 0.07436734501389562 0.5097758816916416 0.017484743720074872 0.36827663608472216 0.1449466911281118 0.7184413064603596 0.029296183236670145
210.00166447703987 0.2185 0.4538 0.5042 254.8733 2288.7819 0.29314534062834074 0.05564722510951368 20.619166562763265 408.2173687268835 41.13560382660758 41.98901812045375 0.26603884158333047 0.07903622520554736 0.5276437024736054 0.01769873103627737 0.3649977797108821 0.14538251557673065 0.7239122630932494 0.026538662418945407
220.00166447703987 0.0168 0.5042 0.5126 260.4074 2505.1033 0.30279386566539684 0.05985951328051204 20.754350048518464 413.5618551650043 41.16219589944457 43.42865499102668 0.25755280115943463 0.06999412591669898 0.5024390711143069 0.012564010464655068 0.37106475868903815 0.1471195767749811 0.7238804308851727 0.02968220083154317
230.00166447703987 0.0504 0.5042 0.5126 230.1095 2456.9246 0.30570864430143274 0.061820978555956585 20.795313014481994 415.302882483393 41.529640690961585 42.97922647978773 0.24681439258028248 0.0657816091932034 0.481490372410715 0.014493036073488782 0.3687305791466446 0.14953330835291317 0.7193268675155854 0.03768562105445777
240.00166447703987 0.0168 0.4874 0.5126 213.5249 2427.2072 0.3065478406425191 0.06348460517249091 20.80834230970165 416.0519422330422 41.5770446014107 42.68083034829668 0.24206764563277847 0.06229894817833421 0.4722303250868957 0.012019971193543701 0.3608489278782178 0.13896956552833184 0.7039511871722609 0.02775411540833434
250.00166447703987 0.1008 0.4454 0.5042 218.2976 2515.2963 0.3772259697005979 0.10430295516752305 21.95821812101168 464.5592189683601 45.18620432121494 48.10023924802128 0.2269752576716281 0.059697577815282676 0.4501675943820624 0.017218249900279786 0.369333638462753 0.14868050119092338 0.7325117162844602 0.026819784989910767
260.00166447703987 0.0756 0.4454 0.4622 187.3808 2419.2109 0.35992759070256913 0.09291778396763706 21.62739776569617 449.9796022174219 43.61076425713779 46.216500582277604 0.2086571451462695 0.05442122508865171 0.44339643343582275 0.010783291280531612 0.3364963644087929 0.1423540308700179 0.7150547743686848 0.029802467839722777
270.00166447703987 0.0672 0.4286 0.4874 261.2094 2450.8951 0.40210946732648334 0.11807464513232449 22.368236956613828 481.4472192648885 45.22068444210326 47.40266468143822 0.20316255696619262 0.050157828702514826 0.41683352205132623 0.013207736361005357 0.34545538824859845 0.1429344999117402 0.7087791586479865 0.0338653446343296
280.00166447703987 0.0756 0.3866 0.437 216.7889 2438.7289 0.39482691661913666 0.11507803404605912 22.265843497588232 477.58690143616053 45.464832832030915 47.64973471562151 0.18752589614242868 0.04948772688666308 0.429145800787481 0.008777707145907218 0.3186081214526915 0.14224247459459685 0.7291224317859671 0.023925921687044844
290.00166447703987 0.0924 0.4118 0.4622 319.5347 2426.8358 0.41196951281592736 0.12393857526927697 22.555441121523764 489.4568689465455 45.33776660963084 47.601457300561556 0.1748829637273926 0.0429321355739649 0.39266174874640974 0.010265036033841674 0.3259671774334645 0.1458634227801291 0.7318885681996655 0.02819528725215699
300.00166447703987 0.0336 0.4118 0.4622 174.2357 2371.9078 0.42200173130479546 0.13206388334409794 22.817106058591932 501.58755709333576 46.6067993341214 48.453667928821645 0.17485158712694948 0.03877552995012029 0.37831525214739975 0.006332872383086575 0.32645100313709413 0.13955926380058895 0.7063212613329855 0.03168368395037034
310.00166447703987 0.0252 0.3866 0.4622 147.3236 2387.9432 0.41624189116386007 0.12822891250953336 22.689760129974548 495.9473973295856 46.34507514331563 48.34602485070583 0.1693822855314587 0.034843033218661765 0.3536226662849752 0.007104252912058669 0.3541923741223275 0.1498139817461668 0.7394542547466135 0.0257087187026252
320.00166447703987 0.0252 0.4034 0.4454 175.3206 2423.8041 0.4075199042317365 0.1256158276794722 22.578767828438487 492.09810777125307 46.34801462494883 48.33865258643431 0.16332544846998942 0.03517222287412497 0.3667118559986555 0.0037953717055909985 0.3193138647525501 0.1399347309480409 0.7169499982179898 0.026976563795340667
330.00166447703987 0.0084 0.4118 0.4622 158.4574 2404.3277 0.40876801590206374 0.12531090401412603 22.59446673301082 492.58124189756495 46.6911953053616 48.47731250220792 0.1579450648943733 0.03195213405265734 0.34806412448945223 0.00371653058057978 0.32670534355630704 0.14215302431887422 0.7199617756148248 0.028019972045280887
340.00166447703987 0.0084 0.395 0.4454 166.1215 2437.0511 0.4128879692790077 0.12614540425106516 22.644558967340664 494.2521242800662 46.698174116224315 48.21754971724377 0.14955723439117946 0.028535475146067333 0.3295798313435251 0.0030805271998257575 0.3261581130531729 0.14188147115984232 0.7187558417282884 0.028380951064123434
350.00166447703987 0.0 0.3697 0.4706 238.5928 2374.5685 0.43278748052295196 0.1380965349830454 23.03782973515787 511.07209834566333 47.37914391962305 48.44303934208817 0.14093671963381754 0.025746942588403002 0.3105827710448942 0.00364010613681907 0.32424655545331227 0.14194918009537258 0.7145433351656325 0.03189187295342281
360.00166447703987 0.0084 0.3697 0.4622 223.7863 2399.1933 0.43095685804345835 0.13670052618358777 22.986558161912857 508.6865905773723 47.16772151109248 48.47024212288325 0.14431694810147871 0.026130209281462796 0.31224939680138125 0.003691488438274476 0.3343670917592921 0.14521332881035823 0.7234487985337411 0.03062471607895347
370.00166447703987 0.0 0.4202 0.4538 252.7943 2442.9147 0.4289490014575214 0.13651162962372934 22.99696084377074 509.8300838234338 47.5903728402085 48.72704657905847 0.14914791229255372 0.02636543118176905 0.3113789747862087 0.004138328395301925 0.3156843853539596 0.12768701270606697 0.6590603834582666 0.03870808984641968
380.00166447703987 0.0 0.1933 0.5126 282.8419 2518.6499 0.3923575700204159 0.12035215395242319 22.355131549007783 483.59902924018473 46.42526491444495 48.27146220940517 0.11963625898431077 0.017260656454228716 0.23338876752677018 0.006954923958650093 0.3760170959774195 0.14981987883374573 0.7335415478903757 0.02801573784373
390.00166447703987 0.0 0.2017 0.5126 216.5354 2343.7188 0.37353232894315325 0.11003571370079122 22.06844159314934 472.1735567811597 46.93561713598271 48.52720113933097 0.1207415960124217 0.017753688403836863 0.23947083209130304 0.006593286342547131 0.3688481841360466 0.14900321266386393 0.7315488985364924 0.028175942495817938
400.00166447703987 0.0252 0.1765 0.4874 273.9573 2393.9425 0.3642054221502994 0.10270555928016131 21.820415523471056 460.418457440416 45.2332442195378 48.165119145449864 0.12663840959826628 0.021601328945480523 0.2511661790365614 0.011395372432897503 0.361937875572151 0.14390605648493468 0.7178434532180995 0.027997378518734153
410.00166447703987 0.0672 0.1933 0.5126 308.6321 2370.3665 0.36158355428618166 0.0989711147626869 21.759642078067138 457.3860193726249 44.94517528527004 48.23199001715595 0.15225494015775784 0.03122123292323115 0.2970219324389047 0.017686136751628483 0.37105642845915576 0.1436751116311292 0.7238641801088449 0.022919744092541317
420.00166447703987 0.0 0.1849 0.5126 262.3674 2499.6597 0.3283949513197914 0.08450957260921006 21.266292385682846 437.7520721308231 44.35456351411056 48.10505603043683 0.15297925809650834 0.02729778372478227 0.2984349461226966 0.00955309656574765 0.3623250227533247 0.13987562669881085 0.7068307820925513 0.02752300261004201
430.00166447703987 0.0 0.3697 0.4706 236.4766 2455.2676 0.3967073456324996 0.11639456926443752 22.33241791202481 480.8206510263061 45.96721689799209 48.03193226902781 0.14902519625778188 0.026956425204713745 0.3224363337213826 0.001955284216559734 0.3063850564664208 0.12762578818763906 0.6629058494455287 0.0381696010153131
440.00166447703987 0.1345 0.3445 0.4538 303.2292 2474.4589 0.38730399419874173 0.10864773409268307 22.109336233994103 470.49305367372926 44.98689534795953 47.23529267136673 0.1846962344606937 0.049701489797527476 0.40701577594115834 0.018461273948119337 0.34005521250084036 0.14963268347916206 0.7493809312518519 0.020616012871337956
450.00166447703987 0.2101 0.2437 0.4034 202.0046 2447.2784 0.3269455840228506 0.07353241838293853 21.13045984784661 429.36805446885603 41.84078862204533 46.037686161102734 0.176763697874361 0.06557953596610101 0.4292832662663053 0.050555550277975064 0.27985631686057116 0.12895019619671336 0.6796510552328157 0.03962079742629604
460.00166447703987 0.1933 0.2437 0.4202 124.2021 2378.7686 0.3132812875105118 0.06511922897912661 20.90812226753922 419.8226080682744 41.39432557374364 44.131021212221846 0.18776812945901503 0.07137043034627513 0.44688814811245575 0.05371076565541615 0.28389971968409927 0.13185507317037665 0.6756813328481563 0.04740658174897747
470.00166447703987 0.1933 0.2437 0.4454 96.9287 2358.0786 0.30806107276281336 0.06128832638320657 20.82482965621178 416.18171657674515 41.3238441227749 43.14895619742674 0.19444667756416228 0.07030029582571067 0.4365878232101002 0.05177872107719993 0.29390823571161906 0.13628569030856366 0.6599071707487296 0.06309364241132645
480.00166447703987 0.0 0.3697 0.4622 237.2872 2490.9754 0.36787263403690357 0.09746306485851279 21.766495040848778 455.88243187072254 44.32799284036419 46.40688094695612 0.14810166384828022 0.028970592254901086 0.326372185147136 0.005220240538914838 0.3304601879155238 0.1460042742534288 0.7282363400360616 0.02992550389650231
490.00166447703987 0.0252 0.3361 0.4538 234.3383 2384.4268 0.36506798715516825 0.09936045578013854 21.78593511410335 457.9556515332738 44.42739598510003 47.98704033575468 0.1463412328559305 0.028068855767669546 0.3224927168491802 0.004613512556323011 0.3390642778296253 0.14963355471402273 0.7471972048467668 0.022436739877457645
500.00166447703987 0.0252 0.3529 0.3697 264.0769 2458.4036 0.39740344179412246 0.11893390891826544 22.360118473511275 482.42662501152955 45.96585829975851 48.312650286266546 0.12882094132858352 0.029970283878187533 0.3484020913204872 0.003962374308597958 0.26966016309447294 0.13688392517435516 0.7293081683691428 0.03261398135889079
510.00166447703987 0.0084 0.3529 0.3782 233.1764 2336.8266 0.3999898753724927 0.11963297968086357 22.391359361373556 483.48040944861486 45.987313306302546 48.15239547046619 0.12935280935659554 0.029040346425700025 0.3420663180763305 0.003465117619409898 0.2805156776781429 0.14151915032323906 0.7418081254155334 0.029561087989623532
520.0016644770399 0.042 0.3613 0.4034 296.8017 2431.5425 0.4076683475527919 0.12255997081509737 22.490119110276922 486.9515513721073 45.54991761499061 47.74734628469887 0.13629795607759987 0.030600826527841206 0.3525968863746605 0.0022810306718944956 0.2940543681546216 0.14860628031641213 0.7607058654434777 0.026805614366186316
530.0016644770399 0.0 0.3529 0.4454 273.1077 2312.4716 0.4125048491449277 0.12485396029618817 22.601699151631546 491.91415118416603 46.03306384779174 48.29769822383263 0.13480645441081038 0.024610514063986885 0.30267864292238555 0.004058468668970102 0.3158620105380036 0.14110204698736756 0.709199608566461 0.03587371932745943
540.0016644770399 0.0 0.3697 0.4202 224.7724 2437.1458 0.4186306836870921 0.12930722656567922 22.738302703045935 498.010785951589 46.45259166190763 48.05062204085396 0.12898200369919385 0.025092687737848018 0.3132420089837565 0.002765758661709498 0.2894979627042958 0.1327710229558399 0.7030664808532897 0.029571640397909837
550.0016644770399 0.0 0.3361 0.4286 195.3506 2410.1514 0.4246476792122443 0.13312878927413216 22.861997990318905 503.3613678637819 46.706755863188505 48.01547419883305 0.1262131924806872 0.024575151268488978 0.30651775316738317 0.003995978273610601 0.29563457670490007 0.13786682338758863 0.7179696862833287 0.029381638736311274
560.0016644770399 0.0 0.3697 0.4034 278.1409 2433.4784 0.42162000593888205 0.13180125334863943 22.82365343336247 502.03930257644004 46.92839110943638 48.281112399270576 0.12803381913149914 0.025463759059308824 0.3174171765968416 0.0025377467912048317 0.29123358965177026 0.1385947759775369 0.7220166076783471 0.03031114650940145
570.0016644770399 0.0252 0.3445 0.3866 220.9594 2424.8448 0.4295363567095626 0.13735149629844898 22.965385476800503 507.9430946240141 46.74168561297933 48.35994312086703 0.12490687747891328 0.025926018606324513 0.32312866130414525 0.0025092838156226937 0.2912011237605042 0.14564449195032397 0.7533246462500002 0.026046983364241397
580.0016644770399 0.0 0.3613 0.4034 148.5503 2319.7599 0.42727611155910267 0.13547050108923936 22.929772622228324 506.50949051408656 46.86468946953432 48.423235942994694 0.12813577402958481 0.02552759352041189 0.317669939781679 0.0026001978382712847 0.2928680961350007 0.13913349600499247 0.7260688216680226 0.02808814026768961
590.0016644770399 0.0 0.3193 0.437 218.8259 2395.4278 0.4239147974130543 0.13310799609972987 22.863212007023684 503.6507060862999 47.00546916036383 48.34215148109202 0.12786072546984595 0.024780350620938876 0.3043085266182334 0.004884752115227471 0.30483104622244384 0.1420206310941827 0.7254978900094163 0.0305875324672467
600.0016644770399 0.0168 0.1765 0.5126 281.3797 2441.0822 0.3590131064699484 0.10950262039317134 21.86911107297585 465.27366571965183 46.565563128940624 48.293030707491454 0.12433552549115265 0.01875510785046999 0.24659879222411943 0.00684922528427052 0.3610985960439508 0.14187387278427233 0.7161788821538356 0.025136556706468534
610.0016644770399 0.0 0.2101 0.5126 220.3661 2456.6216 0.37377925990525573 0.11420123132331583 22.097184995145767 474.08345777191414 46.66887174918584 48.418847118911295 0.13663022314094994 0.02075923394666254 0.2665409271110335 0.005622865292639392 0.37569098315601523 0.14721349218108942 0.7329053605830461 0.023352130327642513
620.0016644770399 0.0 0.3025 0.479 184.3901 2514.8105 0.37339069599440844 0.11094006553672621 22.057397217378043 471.6737710955915 46.75703630388349 48.15587238747738 0.1507692429012588 0.026021486253093466 0.3093368949180999 0.003957675816194908 0.3513898842499347 0.14371862308943326 0.7209551073403833 0.026408443680196
630.0016644770399 0.0 0.3445 0.4034 260.7366 2398.7148 0.4198796803909434 0.13014615634013857 22.784583053336224 500.3091752903061 47.287310008464836 48.49694169937735 0.1301183682811722 0.025098080895284116 0.30968171650918985 0.003697943889265878 0.28469390159563646 0.12770321495000542 0.6775714857976148 0.03589483552826662
640.0016644770399 0.0 0.3445 0.4034 142.8161 2330.5213 0.4318682916487535 0.1377965916637605 23.01829183439089 510.21678557824754 47.26374634597882 48.494645968037744 0.12687133403640788 0.025466375964579173 0.3145351822985945 0.0036540849588981295 0.29041120856523256 0.13927113689057533 0.7199777879013057 0.033800663124372056
650.0016644770399 0.0 0.3529 0.4286 177.074 2433.451 0.43500398357286657 0.14016658176722782 23.103004594567476 514.1120689641755 47.51072472763828 48.44359584948933 0.1291750286099596 0.02570166050383378 0.31371078376704475 0.0040863328472318695 0.2947209228978529 0.13802136380447871 0.7157508127519284 0.031671856708102325
660.0016644770399 0.0 0.3529 0.4286 164.4167 2479.5564 0.41576988302321205 0.12958496085976767 22.785728902595395 501.5350445571644 47.44611431285209 49.22020052825711 0.1293051351427276 0.02465358090924451 0.30171198199969773 0.005124895240771454 0.2901552911200193 0.1282948089256462 0.6770290126133784 0.03561252072243847
670.0016644770399 0.0 0.3445 0.4202 139.3599 2334.4358 0.4018581599375669 0.12058247342569388 22.48802194125672 488.36233814930875 46.51006648066476 49.32809974472349 0.13007380179039607 0.0250564840933968 0.30957564826114264 0.0036366346685336136 0.28815720178492404 0.1280778101612064 0.6858141402481193 0.03014783736184822
680.0016644770399 0.0 0.3109 0.4706 103.5186 2446.3332 0.39385193177859634 0.11601694148644559 22.359014081209178 483.16605682924006 46.63667027955647 49.17961336513222 0.13585445750621744 0.02375289879259786 0.2939396444225432 0.004576469589638242 0.3176757259860702 0.13661413220288499 0.6873347525880428 0.03974250634098624
690.0016644770399 0.0 0.3361 0.4538 85.7681 2393.605 0.3918243364264721 0.11513787049113142 22.33746974782444 482.49588486641704 46.63025859524764 49.342892472039935 0.13186568179761501 0.023341487235833798 0.2905928913688183 0.004972557742369285 0.3143619181370902 0.1370365142185093 0.6927605233021062 0.03801451751538286
700.0016644770399 0.0 0.3445 0.4454 137.9997 2373.9584 0.38920223908849305 0.11375119872129237 22.28379597056973 480.13116781293473 46.586818798937195 49.515765836221576 0.12963283781277551 0.02328843240532256 0.29106240942868467 0.004957168850904076 0.3012948531069627 0.12969448742934384 0.6764922173533691 0.03560750734231639
710.0016644770399 0.0 0.3361 0.4454 70.4615 2405.7035 0.38763336114705566 0.11317773481810325 22.2618494636966 479.2829378334104 46.69424178982109 49.3644481578184 0.13287098503036035 0.024108591398875816 0.29833296638892226 0.004395909764097317 0.30652352077429423 0.1347047588795714 0.6882320560781323 0.037920132573626225
720.0016644770399 0.0 0.3529 0.437 75.1972 2332.905 0.39541486975396634 0.11707198103905009 22.376011527843893 483.7010143519082 46.29792650618705 49.16842979429851 0.13075019680994102 0.023554146087371376 0.2935711966109996 0.004731015073558186 0.3069467096592236 0.13257842626335709 0.689182234895238 0.03235515041413475
730.0016644770399 0.0 0.3529 0.4538 82.254 2355.436 0.39405069175869284 0.11604637576402929 22.35690854092549 482.98379076936163 46.83511467305717 49.237909280343814 0.13610837550378715 0.024270895123268688 0.29994253120279024 0.003969070400430722 0.31660596636604404 0.13889338032687085 0.6977057406955415 0.03832192190353963
740.0016644770399 0.0 0.3109 0.437 98.1945 2394.0327 0.40394517268022373 0.12241220624431938 22.55351360355211 491.5602203716265 46.93348823614106 49.14626665768887 0.12465502246149766 0.0220205899478309 0.2798858051494004 0.005687390504337669 0.3039718588156815 0.13305067155479783 0.6825028528125678 0.03860595441501873
750.0016644770399 0.0 0.3361 0.4034 95.9693 2444.8852 0.41020253644582827 0.12669772436093296 22.686361958393565 497.43353006244956 47.22186446267381 49.2436560826664 0.12462579249375622 0.02381997645437359 0.30266263891340794 0.0035497340691174133 0.2811488945060464 0.12817497566034244 0.682790172371827 0.03514683287469061
760.0016644770399 0.0 0.3193 0.4202 56.592 2496.8697 0.41449059640400937 0.1288969784681272 22.754136077743212 500.06940997073895 47.553971011082595 49.006317665034544 0.1231900537309347 0.02309207412355478 0.29319232787962457 0.004748910641943713 0.2944475593991727 0.13438057448143492 0.7007851913700311 0.03304363325984024
770.0016644770399 0.0 0.3361 0.4118 165.5333 2400.625 0.4151581776522596 0.12881433845619605 22.743889206237657 499.2979370526867 47.44695064152013 48.53178777284675 0.12669891362469174 0.023989800010885253 0.3015434144267663 0.003972163530702246 0.29890939147175133 0.13812695593650937 0.7114043517027681 0.0331927614758736
780.0016644770399 0.0 0.3529 0.4118 115.1688 2361.5527 0.429593722185658 0.13700854528518602 23.00296356124717 509.98000951672805 47.420942732796306 48.58348921781517 0.12059977822745169 0.024026138332842215 0.30534837466099474 0.0039932215675415215 0.28314073751690283 0.13426704490271216 0.7168882503087539 0.02671591323972169
790.0016644770399 0.0 0.3361 0.395 188.253 2350.7481 0.41989934287627945 0.13109305247115352 22.78634171226853 500.429898018051 46.86405342481032 48.390679050358514 0.12230314731361352 0.024551359620433318 0.3096611602195747 0.003700825033154621 0.28750519340149683 0.14105637490620998 0.727938681165492 0.034261942269627775
800.0016644770399 0.0 0.3193 0.3529 175.4974 2405.1764 0.4247878199378579 0.1382692324575128 22.961812549655505 509.2412378604293 47.272472243816196 48.56344432964715 0.10979419639350266 0.024051775795578767 0.31867096026406866 0.0027257057044859467 0.25069887269921665 0.1298012151724353 0.7276381914928483 0.02719833979538369
810.0016644770399 0.0 0.3025 0.3866 210.3648 2383.6133 0.43071297536311154 0.13903154725280042 23.03838540127083 511.74068491424913 47.50960343632428 48.34491144963356 0.11650756480541152 0.02396560256196815 0.3080977824854216 0.003901310175506283 0.2687820090025314 0.1319029259853085 0.710779090473361 0.03243732968361724
820.0016644770399 0.0 0.3193 0.3445 222.9199 2379.0825 0.4242245353320169 0.1367986087640845 22.92712541154951 507.3345817425698 47.11611779540973 48.173646043531555 0.11277071788372409 0.024887574765122194 0.3273101323942235 0.001441898285719302 0.24339089003450082 0.12499951509483229 0.7064272174172097 0.03346956860580365
830.0016644770399 0.042 0.3193 0.3445 233.2599 2392.3948 0.421628360210662 0.13690281994695758 22.86688329192526 504.8113912773113 46.885527253503255 48.42667604393994 0.11409195368118566 0.02571807027611591 0.3311449387331974 0.002195409941713388 0.25863113650779124 0.13682484149548177 0.7506611035226137 0.025051830455991714
840.0016644770399 0.0084 0.3445 0.3697 243.4022 2282.7118 0.422716849290982 0.13546275611304212 22.87908329909698 505.0530876499509 46.86522183723865 48.131208982312515 0.11948132591403679 0.025229910370385036 0.3231426769038722 0.0018933898026509439 0.262712487496415 0.127946930338689 0.7105178639107588 0.02553707260622514
850.0016644770399 0.0 0.3361 0.3866 217.9028 2364.0237 0.4277470101058786 0.1378287501470745 22.976370138120497 509.10445711894596 47.33202910903164 48.389507473020316 0.11856160541119608 0.02466042030578929 0.31352957875405185 0.003617259118429061 0.26976997621150833 0.13067986427038034 0.7133917148704331 0.02679092508178853
860.0016644770399 0.042 0.3445 0.3697 275.681 2334.2504 0.4245942959277621 0.13724829385468812 22.937739142849384 507.8055327226944 47.25697149734485 48.413043463556605 0.12413738777604938 0.026899453015678636 0.33573520784886085 0.0011241530078974812 0.2650748138855508 0.12887966586524274 0.7169068830086488 0.022215201816036298
870.0016644770399 0.0168 0.3361 0.3697 215.8274 2304.9808 0.4216207133973945 0.13628056324135937 22.865514998898924 504.6523219388828 46.96179823285182 48.05935436791154 0.11938881909414631 0.025484238445340986 0.322892488004623 0.0026955505524890702 0.2781249040888293 0.14119325923575413 0.7522014451493336 0.022566464668516667
880.0016644770399 0.0168 0.3361 0.3613 119.0148 2351.8016 0.41923651321043076 0.13724923405998443 22.86202867555334 505.3004155412603 47.115076307475256 48.42845485690019 0.11775679065441091 0.02550880587723804 0.32588507181104415 0.002226795236586369 0.2712084351410858 0.13916802285629143 0.7505535763206791 0.022655611115669674
890.0016644770399 0.0252 0.3445 0.3782 140.0312 2272.4157 0.4234013572199589 0.1371675686519846 22.91097100301597 506.74729759222345 47.05575714642774 48.46585620052457 0.12086779111075631 0.02512263232910562 0.31962815871511113 0.002401071597798434 0.2858123056755148 0.14446469305169823 0.7558147638974725 0.02411972535110547
900.0016644770399 0.0084 0.3445 0.3697 166.7462 2474.9931 0.42221510757100095 0.1379875310541514 22.903021060221796 506.72329457573244 46.97977894760346 48.45948709901335 0.11952195028138023 0.02499101948752325 0.3232525473519147 0.0011920275013574029 0.2851192464890159 0.14799729245073878 0.7711179620952929 0.022654362469314477
910.0016644770399 0.0084 0.3529 0.3866 116.3081 2441.584 0.42365933344492585 0.13837883839485354 22.932442226984087 507.93901188590723 46.91793572997575 48.35399416645126 0.1199188668515678 0.02474577049802952 0.31711878122970155 0.0024065926361066703 0.28996245604995524 0.14778172535888168 0.7667896059987704 0.022387931422805523
920.0016644770399 0.0168 0.3529 0.3866 204.7177 2323.1467 0.4285832481810959 0.13982341794258177 23.0222748515286 511.491840887098 47.147848179959134 48.473775297341994 0.12285862456074367 0.024989357012857327 0.31782992005931515 0.0021828757657167243 0.29088982774609157 0.14517790804497704 0.7525193369953237 0.025583934808281493
930.0016644770399 0.0168 0.3613 0.3697 160.4187 2388.9149 0.42616200905295243 0.13872006697123715 22.96166248567014 508.79436830253917 46.81122864835886 48.46153047292663 0.12191124886019461 0.025873698683163797 0.3297145139627991 8.931007505362072E-4 0.2748484742387034 0.1374501713634651 0.7433401916910387 0.02084131177662458
940.0016644770399 0.042 0.3361 0.3866 283.8835 2439.6317 0.4179037496604234 0.1340909267802759 22.78191383372944 501.0092829451107 46.5693758257321 48.24792861886181 0.1225793797445207 0.025131990711066147 0.3171075258608253 0.0028445178698893034 0.288659008808585 0.14469958683354958 0.7467483053961221 0.029755346062310447
950.0016644770399 0.0084 0.3782 0.3782 225.425 2440.0999 0.4235160966309452 0.13575950001674622 22.90336797199613 506.1705448381445 47.172592261132245 48.55711277501495 0.12773620872658972 0.02612795098406226 0.33044801822748215 3.90065102003533E-5 0.28020854872208933 0.13597291199860032 0.7248873325636659 0.027046018052719535
960.0016644770399 0.0252 0.3361 0.3866 219.1718 2340.2947 0.4253577623079254 0.13571118318599235 22.90141352373362 505.49297533057774 46.60863003264063 48.33051823176376 0.12317102074793708 0.0254269870206178 0.31863807541314154 0.003007892168752817 0.2940521524391266 0.1467792407727776 0.7607001334838274 0.02202017918971741
970.0016644770399 0.0168 0.3613 0.3782 203.5283 2314.5135 0.42638504695182755 0.13687801987053472 22.93377979288297 507.0700072135925 46.698821669906025 48.27640348353097 0.12281016742060386 0.024834794768170736 0.3177045635446057 0.001827537466274173 0.2880424528676496 0.14289582053941255 0.7451533019837022 0.026517656187695332
980.0016644770399 0.042 0.3445 0.3613 149.4279 2370.8789 0.42255904399222693 0.13809233243282612 22.883854851702345 505.60948745609846 46.465221437621906 48.47696361827324 0.12171656691111774 0.025961398709956677 0.32918798778234115 0.0013575038879411647 0.28397178955831875 0.14807230200931545 0.7680146126690893 0.02594058929315501
990.0016644770399 0.084 0.3361 0.3697 263.3315 2322.3757 0.4240998773743753 0.1376882796900182 22.895739989712915 505.77151498978327 46.656942724893895 48.36743172256948 0.11931544986649567 0.025285960636318276 0.3226940575934769 0.002234054796738751 0.28855458672750034 0.15147925059196943 0.7804089959221031 0.02291295168832468
1000.0016644770399 0.0168 0.3529 0.4118 239.2474 2379.3956 0.4070550885492905 0.12761967633068852 22.556591696176138 491.37500023581714 46.030171486840615 48.32680975657151 0.13134776878458065 0.02611354894961685 0.32563301011177287 9.499096655068879E-4 0.29989380980658653 0.14482291380930296 0.7434867368121626 0.026775358647358253
1010.0016644770399 0.0084 0.2185 0.4958 262.1 2369.5388 0.38791590257132147 0.12402348105136568 22.324777094325952 483.9226466820276 47.18811787745317 48.24466423818575 0.14434166810811688 0.02363209708575021 0.28627764174776515 0.005942401819570146 0.377215690781455 0.15390167400770435 0.7481444533832191 0.025591521228143486
1020.0016644770399 0.0168 0.2437 0.5042 261.0735 2353.0029 0.3919210050394429 0.12821013862622294 22.420780742956545 488.4238420278706 46.74980714009142 48.173224946432555 0.1487887643127019 0.025389273725312626 0.29509771588685874 0.006871322952318762 0.371325857672794 0.14751549852236076 0.7364629510510414 0.02156326010145709
1030.0016644770399 0.0 0.3193 0.4874 235.8829 2388.8992 0.3755845330523734 0.1198129834148893 22.13909347664974 477.04220568340486 46.90242302610051 48.46525973676197 0.16568038347532923 0.033662725595996375 0.33993044195800304 0.009415674660291648 0.360896498816606 0.15098667491842116 0.7404600579168297 0.026586520228323515
1040.0016644770399 0.0 0.395 0.4286 240.6783 2378.6632 0.37025285062111113 0.11574469986746595 22.034526667854557 472.39097276956375 46.996371983792585 48.425949889436346 0.1706463722169288 0.04103671581651043 0.3905176594964332 0.007400474517794511 0.31287164984905635 0.14033676975754555 0.7159947371545713 0.030407262092260513
1050.0016644770399 0.0 0.2773 0.4958 200.8598 2371.9119 0.367128487918219 0.11495070994510853 21.983069127712817 470.4393117599179 46.98180928007106 48.416111410436045 0.15647086820645112 0.030890060665776493 0.31559378502657087 0.011761261136923547 0.35450609377209574 0.14261159607967475 0.7150207654047355 0.02792095218668287
1060.0016644770399 0.0168 0.3613 0.4622 178.6628 2374.4653 0.3598910921008397 0.11816497289709156 21.884465723957614 467.9254790814449 46.46756302443723 48.20313739189322 0.16829726534844955 0.038714188213151944 0.3708773069715833 0.009643921393385987 0.31879669837535735 0.14156896168464222 0.7025334649382875 0.04051678841421901
1070.0016644770399 0.0 0.3782 0.4454 184.5762 2400.1477 0.3569875096347983 0.11200045572258632 21.801663553005042 463.1614027017144 46.26774967366536 48.051702406906564 0.17476423553903717 0.040948828096345896 0.37812625507537134 0.01116024402625364 0.31667955979769247 0.13481880462478882 0.6851794111986438 0.03743983017022342
1080.0016644770399 0.0 0.3529 0.4538 229.5828 2295.5952 0.3665491415571093 0.11460948523118707 21.957143745405478 469.1029211402923 46.90346570662656 48.543210124005476 0.15731379418601318 0.03510745802170624 0.3466729908913994 0.01127945691566586 0.3070678865393074 0.1317200962707218 0.6766866388551402 0.038428368248563334
1090.0016644770399 0.0168 0.3529 0.437 243.91 2341.8683 0.37151930101707303 0.11487642365145612 21.979417162350472 468.82292364429105 45.970909963984276 47.709693575513256 0.15469885899454497 0.036304585203203024 0.354022388852901 0.01205022470265633 0.31291871539205585 0.14012474381078388 0.7161024448395124 0.02982814396229468
1100.0016644770399 0.0 0.3613 0.4622 204.0458 2322.6302 0.36946800532207374 0.11309956184459746 21.921059345157843 466.0442058833148 45.76514346791644 47.18131654337106 0.15860041978740996 0.03663918483097424 0.35610282933399595 0.01145907629893186 0.30896939964503967 0.1345366227297899 0.6937237463728249 0.03324847037150263
1110.0016644770399 0.0084 0.3697 0.4286 208.0772 2279.9643 0.36406890132985303 0.11201413550572693 21.824763923014213 462.39302854600413 45.48666893275157 46.84551703894226 0.17449450613373563 0.04482306718495266 0.399323965959895 0.012168093462342532 0.30146220003287677 0.1339642300342032 0.6898846500752372 0.03673551903012381
1120.0016644770399 0.0 0.3361 0.4454 249.5598 2356.69 0.34255409526961816 0.1014706013576495 21.459420926868013 447.6282335858486 45.22521443031512 47.33668058496795 0.18432614153533414 0.04805239365344378 0.4138643555227313 0.01221740665616397 0.3106062690278239 0.13916409212687347 0.6973989814020952 0.04085911844080497
1130.0016644770399 0.0168 0.3866 0.4202 236.604 2381.6969 0.325722172676171 0.09384859251200708 21.190149325667306 436.8415303959954 44.669205992872214 46.90802495733167 0.19225004694634595 0.05435952493276701 0.4575551117323034 0.007037541102087067 0.29963024930832577 0.13658877725832907 0.7131199933538154 0.028042562044965125
1140.0016644770399 0.0084 0.3782 0.4202 123.1961 2333.0191 0.32308716435155255 0.09162053073980944 21.163521664085025 435.6972003003591 44.43807996521006 47.65328387860846 0.19447183543089194 0.0549451384278729 0.4628429683255228 0.005568198906067276 0.2920183890257632 0.13326080555425832 0.6950037658813165 0.0351215781615695
1150.0016644770399 0.0252 0.3445 0.4202 198.9404 2267.9863 0.33006917216155274 0.09174602746556154 21.265849970878335 438.9906160140475 44.84322068193181 47.43981864558029 0.19075507774497433 0.05408555734820179 0.45399708503303887 0.008296746300743724 0.2972756618285075 0.13769014846683814 0.7075160751518479 0.03540516661075179
1160.0016644770399 0.0084 0.3866 0.437 221.8307 2251.27 0.3209165209260868 0.09211732267927511 21.148329618988214 435.6290336604 44.71440918787095 48.19133911423719 0.1920452383201128 0.05361556199265124 0.4570676672018685 0.005509737732142472 0.28277873433698353 0.1252209069590455 0.6730133877220208 0.03355938198179071
1170.0016644770399 0.0 0.3529 0.4622 236.703 2406.4917 0.3044529836469713 0.08314125717795613 20.86632765446969 423.8349485889415 43.9146185029137 47.652224034445496 0.199410032598594 0.051908585458465474 0.4314507978042307 0.011461732484995301 0.31046236963249524 0.13740779111184157 0.6717276724775806 0.053095644346485366
1180.0016644770399 0.0 0.3361 0.4454 235.0564 2338.3348 0.33102477435724376 0.09860789401731579 21.332357585909577 443.6712083401247 45.49193094658325 48.024514619485814 0.18352384276293374 0.046680880728916484 0.4120629677130022 0.009946171010439932 0.28862587571776127 0.1288583334193982 0.6480467775549734 0.05500847712979006
1190.0016644770399 0.0252 0.3277 0.395 208.8966 2267.1556 0.3349689921591721 0.0971931301983631 21.37209503898653 444.3729063270017 45.27196786416873 47.41711759814913 0.16189379938485177 0.046421974594666744 0.40990132184675226 0.015213875473311574 0.27440035402231755 0.1280716067496157 0.694758343162889 0.030135440285588642
1200.0016644770399 0.0504 0.3193 0.3529 251.5136 2393.5162 0.32376614974382495 0.0887621528252937 21.12042976376086 432.59763882128226 44.09956273869152 44.97014334905358 0.16348732704873445 0.05156930639819279 0.4632140933047476 0.0061950326738571026 0.2578130062691866 0.13287181690031333 0.7304701844293618 0.028728570681241548
1210.0016644770399 0.0168 0.1513 0.4622 242.446 2214.228 0.28225289936818443 0.07003804246557532 20.466030565207156 406.6336227586096 42.94993539605329 44.84355153440611 0.16892824965465159 0.041173774540332095 0.35897253051613465 0.018875409395365788 0.33414152064546804 0.1414798505201904 0.7100507313716196 0.0317709854741506
1220.0016644770399 0.1597 0.1765 0.4202 279.0705 2341.8754 0.2516911473728615 0.05198923444864582 19.988605232266156 386.81825171364756 41.30072177828842 42.44650194019526 0.18327943063970512 0.06062839828658166 0.43620504492249823 0.0334240724653639 0.26927838542242694 0.12119897815465104 0.6408825573053761 0.04885199639110802
1230.0016644770399 0.1597 0.1765 0.395 240.5409 2347.3366 0.2568452889314776 0.05315774856759852 20.063453598488334 389.45598636125993 41.23232195548355 41.95163603914527 0.17372373832230417 0.06211327113733516 0.4494157578337869 0.0362211211520327 0.26403311597481866 0.12549568733609998 0.6830421913261613 0.03651668362305444
1240.0016644770399 0.1597 0.1933 0.4034 111.535 2326.0755 0.2495689189995494 0.05143566320226529 19.94494830723127 385.25597879943757 41.126699988142164 41.89627971293284 0.18567941402839194 0.06565254902023729 0.45093571978323754 0.03929035769625859 0.2787882455733112 0.12825371440143363 0.6770571678208986 0.0400218271144907
1250.0016644770399 0.0 0.3361 0.4202 253.1226 2392.6967 0.3068522508502135 0.08568085515470464 20.885073690124653 424.8536193270867 43.848615800484154 46.87891983202864 0.12025642192283519 0.02254637441949965 0.29813571268369554 0.0024452779492192254 0.27697393399045095 0.12716036730322855 0.6866645446846597 0.03194813919984748
1260.0016644770399 0.0 0.3193 0.4454 220.0052 2324.9492 0.32400156727593704 0.09504919785638875 21.21848322839503 439.18791612714045 45.26214673060048 48.20058014021869 0.12912234748938636 0.022741416826530754 0.2899162141742826 0.00409229776286476 0.31025213629909326 0.1329819552534221 0.696603853199851 0.027456994263099554
1270.0016644770399 0.0 0.3361 0.3866 185.6703 2407.1336 0.3136810326190111 0.09515842446298034 21.064399836569702 434.5157571851923 44.973136995129465 48.79862628742575 0.11712345238414346 0.02301401355317971 0.3029932789937624 0.0027790537927662668 0.2716585613576245 0.13050135339873734 0.7027688869903763 0.032499938003590696
1280.0016644770399 0.0084 0.3361 0.3613 183.724 2351.7858 0.31592850952603774 0.09988522845628064 21.105403094103817 436.98320287234907 45.49791905196689 48.72881202191473 0.10941639255287361 0.02256701147480485 0.30280350497190606 0.0034500154614564827 0.24633682882843383 0.12042935789467485 0.6817228518740377 0.034469580376467246
1290.0016644770399 0.0168 0.3025 0.3613 237.1922 2405.0194 0.3092965290163942 0.10309011890180744 21.02178751367169 435.8651162509846 45.82912419583298 48.741438436931766 0.11152162381599166 0.024282202966138113 0.30862961009541884 0.005939653072939306 0.25852606280674645 0.12967292883171253 0.715455848232624 0.029622448855078698
1300.0016644770399 0.0336 0.3025 0.3193 277.9238 2396.03 0.3031758980584454 0.09992459639751002 20.884207060830228 429.8149740266447 45.55195981794235 48.08594318550159 0.1068848833541868 0.02521183906386072 0.32613592613200587 0.004902025677821899 0.2369426657540954 0.12610931828824584 0.7229789031983936 0.03096146498392153
1310.0016644770399 0.0336 0.2857 0.3613 212.666 2374.5228 0.3241378250924694 0.10934372781580846 21.266504845175415 445.25670498577267 46.219420738625175 48.5546394018738 0.10682760660669074 0.021977859260113898 0.2956391903766558 0.004598165024655115 0.2625495361417157 0.13161940260699714 0.7265905767642831 0.02459219218216518
1320.0016644770399 0.0588 0.2857 0.3025 262.5523 2387.6935 0.3398769450720087 0.11676117416210245 21.535520851649224 455.7604423705307 46.40094417906735 48.318615305130876 0.10582231117484346 0.028268409972031432 0.3313909218370098 0.01338160982043839 0.22831076214540166 0.123146194593069 0.7149731761921788 0.03538187107069739
1330.0016644770399 0.0 0.2857 0.3782 269.4225 2353.6783 0.32803425460570157 0.11822403792114276 21.505614698668374 458.8638222308899 47.81523064929205 49.99464683331748 0.10146067445442841 0.0194134271898139 0.2744050059108405 0.0047136194277708175 0.27819113007921636 0.1430575967631983 0.752380556350608 0.027508758755745003
1340.0016644770399 0.0 0.2689 0.3613 303.9818 2385.3758 0.311906859179075 0.10699862107463658 21.129403640005684 441.6653309714772 46.90283376476316 49.046846732429934 0.10474680856536522 0.021294607516017444 0.2898807027739177 0.004883183866448292 0.24918183127265467 0.12471296947197918 0.6895962307313002 0.039444801789411975
1350.0016644770399 0.0588 0.2269 0.3613 240.4645 2352.9993 0.3069394524308583 0.10624849842974667 20.993360577658606 435.7704278837067 45.71510612969987 48.880255628689646 0.11468304715370412 0.02496187659860504 0.29668005676719106 0.010260818089562926 0.28112591688124905 0.1368649712915128 0.7272605241058399 0.027224145597571164
1360.0016644770399 0.1681 0.1933 0.3445 258.94 2382.6888 0.2654159376604693 0.07808548140525906 20.17927800493338 399.7032501161874 43.64181545029847 45.31320501378275 0.1514088752379789 0.06069990763068631 0.43945502812974363 0.04931681403326711 0.23698135097491305 0.1201885816953835 0.6878239211223086 0.036703503983549
1370.0016644770399 0.0 0.3025 0.3361 249.053 2453.9941 0.27311828744905353 0.08189401495143636 20.311775882713153 405.142792079894 43.92400433057878 45.94556016684897 0.11671346260954543 0.02902356186325741 0.3472225512633976 0.005724670404941671 0.24187260388960252 0.12750859477715826 0.7195709965715675 0.03324353447160926
1380.0016644770399 0.0 0.3193 0.3613 233.7934 2390.6042 0.3224303427715531 0.11102168969496737 21.29426334100431 447.907415963489 47.319113924916195 48.83131332305226 0.10925086389651256 0.0225903277301695 0.3023454140391859 0.003696782108603053 0.24888150305015436 0.12219180768212203 0.6887650898364738 0.03311060964667092
1390.0016644770399 0.0 0.3025 0.3697 168.8239 2419.1867 0.3279762539285515 0.1118670971600881 21.40496283864568 452.316163395647 47.20275576205125 49.51236396490235 0.10356089929165742 0.02122608336084969 0.29342254799302936 0.004021241707304299 0.2567451855012177 0.13249751953401392 0.7274446922534502 0.03057505551263493
1400.0016644770399 0.0168 0.2941 0.3193 207.4031 2359.0474 0.3135228675583808 0.11509086249193026 21.188288726426748 446.64507917488606 47.448411071382715 48.94102667704274 0.10294864745379013 0.024481324439459766 0.3223918170263428 0.005416820575693923 0.23105605791998282 0.12447427709598485 0.7235702866441568 0.030971771742263055
1410.0016644770399 0.0504 0.2857 0.3025 257.1513 2351.6054 0.31936959449693036 0.11704718404968628 21.260516107289405 448.82608693428836 47.058913849250324 48.70693334872011 0.09941517676984904 0.024314052595933694 0.31974070366519014 0.007292160087170231 0.22565306919365744 0.1225054648325709 0.725749060379601 0.028519711367767528
1420.0016644770399 0.0084 0.3025 0.3361 176.5844 2335.571 0.3311614625999566 0.12236690164896008 21.53661301012522 460.6410467699442 47.89499397534429 49.18121125376061 0.09615316356229472 0.019988881825195592 0.2860556615978268 0.00476360684071067 0.23820471019080977 0.12355010258975703 0.7086590128176591 0.031878072784019974
1430.0016644770399 0.0336 0.2857 0.3193 224.9297 2439.1165 0.32704493492216424 0.11923864064529172 21.421398131428692 455.039125414965 47.277454661405116 48.63183670690787 0.0950782143007837 0.021418253514179586 0.29774493425771736 0.006332981748665459 0.23473442584028467 0.12586776321436205 0.7350893861840493 0.023669796586797423
1440.0016644770399 0.042 0.2941 0.3193 285.9956 2437.8745 0.3244571610694686 0.11613831364228708 21.364667675658254 452.270268585121 47.437098210117114 48.83459046012408 0.09964425246222947 0.023527975753944285 0.30404271905141816 0.009279273222327642 0.23499749613316712 0.12387224100419748 0.717043642047356 0.029911778909170388
1450.0016644770399 0.0588 0.2941 0.3361 293.8694 2330.8007 0.32072475985852034 0.11850403527285601 21.280427240188462 449.9309002227316 47.22695054169566 48.28226531257244 0.10260145642673485 0.02551750190977223 0.32130456091530124 0.009210638835936953 0.2405776360449022 0.1298884430211328 0.753387860245878 0.017452064070820117
1460.0016644770399 0.0756 0.2857 0.2857 304.5395 2439.4313 0.3125754107532121 0.1150607663218267 21.081832881595442 441.4803574115384 46.536075486869215 47.958276243524665 0.1034011797931291 0.03038073185291515 0.3619041292759519 0.012245899206582077 0.2171411797482971 0.12472493458524771 0.75999412911904 0.020919103883961315
1470.0016644770399 0.1008 0.2689 0.2773 227.6957 2426.1729 0.3142204499516886 0.11426006871041328 21.070658082256813 440.35747052389485 46.10605461653725 48.23621383072789 0.11029032206277578 0.03574885716975137 0.38601612721971523 0.018169348232400007 0.2241893631350861 0.13141583303577253 0.7846627709728012 0.016801797324357114
1480.0016644770399 0.0588 0.2857 0.3025 226.1944 2473.1692 0.3071441577023497 0.1171415772001669 22.05241354747674 416.896006237072 46.095180926221275 48.31305143816145 0.10980159699605004 0.029746787642670074 0.35314567682513387 0.009180341117992189 0.23956879131430717 0.13525933814098634 0.7705050315243933 0.02289742372548237
1490.0016644770399 0.0756 0.2773 0.2941 200.9198 2390.5354 0.3071259452794211 0.11861171954257753 23.29546477319864 387.4298179991051 46.17700309894822 48.24657902613204 0.11028541589913471 0.03431790661365804 0.374970414057058 0.016935190088904793 0.22245313482640308 0.1264248018040475 0.7563406584097706 0.0230910933601294
1500.0016644770399 0.0588 0.3109 0.3277 227.0071 2346.6874 0.3197005468886933 0.12651063132648802 25.35527775976829 348.20629482322477 46.348925170451345 48.34446426553474 0.12304703032465918 0.03517022124018723 0.37545119509319086 0.011953519455188872 0.24451695525748596 0.13253760369627107 0.7460901968113034 0.02749739406366657
1510.0016644770399 0.0 0.2773 0.4118 258.369 2389.0465 0.32012163268839816 0.12347378300342837 28.637747466417068 254.19876740052516 47.97039135496645 49.82949628247789 0.10631774308895245 0.01925689687591597 0.2635794047413613 0.006014232837086733 0.28309606333268394 0.13260749757560042 0.7018423236789456 0.03278255300091482
1520.0016644770399 0.0588 0.1765 0.4538 261.4651 2390.1752 0.3487919610399507 0.13445773243561984 31.887613795578726 152.85395286248024 46.429355110170285 49.785872557673315 0.09441013925874174 0.01371723783805864 0.20805197355167163 0.006450755436724723 0.32879677716802475 0.14209884143134993 0.7245706756110175 0.024194162184166486
1530.0016644770399 0.0336 0.1597 0.4538 197.8618 2346.3232 0.33307300950071134 0.13137028485104899 32.292879431454075 124.7461533839385 46.57560896605574 49.33265531036959 0.09751500112444048 0.014273642364977798 0.2148941691446003 0.006079027633815893 0.32575535857755267 0.14342893219420197 0.7178682901986809 0.032535853780804994
1540.0016644770399 0.0504 0.1597 0.4622 195.8942 2342.6815 0.33083953364993735 0.1237664294404492 32.418019269609196 115.45182592080269 46.06854669378421 48.95918470399923 0.10500225443743971 0.016523997041365597 0.22718669596464228 0.007835264344340395 0.33741845808495385 0.14512268886464796 0.7300508456747183 0.025170165242091105
1550.0016644770399 0.0672 0.1681 0.4538 233.2361 2390.9179 0.313916800933013 0.11616358861530782 32.315338570374685 108.4427186220032 45.97920857002034 49.69275355236374 0.10775627232059537 0.017225171633125706 0.23314538920274272 0.00786492699182643 0.33346840996370214 0.14513026410356786 0.7215043779214647 0.03198223022652712
1560.0016644770399 0.1092 0.1849 0.4454 219.7731 2451.468 0.3068467332190802 0.11356112886055544 32.315247296864094 103.20105574109458 45.60217503684596 49.59125735383304 0.11323090622882968 0.019146118286277884 0.24499050620419513 0.008960187917468596 0.33240875770026773 0.14466846003617254 0.7192116757514884 0.032782475296727016
1570.0016644770399 0.1261 0.2017 0.395 229.7736 2401.0417 0.2927701229947256 0.10508613562700721 32.28412811146688 94.4751888671001 45.83751898684329 48.64810878382837 0.14128746326929467 0.045846222482112314 0.3655045245444797 0.036445469679699936 0.28425084141450896 0.13881751840931336 0.7353445680070994 0.024929741838881785
1580.0016644770399 0.2101 0.2101 0.3782 171.0109 2349.2801 0.28379869219566173 0.09861171459004453 32.24245958247783 86.570238547461 44.04434314447713 47.752350551341884 0.1512364459629136 0.05637780058546493 0.3999363793241493 0.049470310890582354 0.2568545785705113 0.12040224010268888 0.6792376633309076 0.02947799667216886
1590.0016644770399 0.2101 0.2185 0.395 133.0715 2357.6797 0.27610258127564874 0.09231371703666186 32.254571923608154 79.85901733546055 43.80185620119428 46.707610656790514 0.15598575663529654 0.05435510581660729 0.3949426604170274 0.043006772761842345 0.2738652815291565 0.13180890465109096 0.6934035851482899 0.04088501409807378
1600.0016644770399 0.1933 0.2017 0.4202 148.3787 2385.6765 0.277874507542258 0.09218457107215838 32.47082505141938 75.57050892305165 43.245391626438064 45.82067721317099 0.1507450419452495 0.047021007433549124 0.3660951018670346 0.035112236939084156 0.2793339061980265 0.12850695065243345 0.6783823436237787 0.03956576835777137
1610.0016644770399 0.2185 0.2269 0.4202 150.5107 2377.6223 0.2565720490298951 0.07617088234380873 32.3047792816643 65.56131634474588 41.89083338123862 43.26667510494132 0.15417070532483648 0.04602183686202108 0.36692627867311084 0.031169310406860454 0.2900917063565136 0.13450044136094783 0.6904182611285024 0.04186558957407779
1620.0016644770399 0.2017 0.2269 0.437 125.7587 2351.2256 0.2632193022687621 0.08128820560127263 32.587596369575834 64.38259099750566 42.25174448771764 43.49441488018119 0.166603968843004 0.051652855043089946 0.3812667748522592 0.03606195131832559 0.297537041584511 0.13727545915351666 0.6809020759337848 0.05146536663166547
1630.0016644770399 0.1933 0.2437 0.4622 164.9618 2493.2367 0.28136765070917596 0.08859800010580099 33.25382031345555 62.2188951738602 42.82296708045895 45.003913218667584 0.17768548253418714 0.055758595729576595 0.3844467713012413 0.04088213429219024 0.3075520202864607 0.13373645884341992 0.665430734801615 0.049685367873914005
1640.0016644770399 0.2017 0.2269 0.4538 146.3534 2275.7238 0.29046015907001904 0.09426557124114908 33.65939526265083 60.87498869560395 42.82964008713016 45.84143677042111 0.17088411197905928 0.05286517341099614 0.37657795047237147 0.0387785509390338 0.3031118219989451 0.13213144314827943 0.6679686447754533 0.04586816508214148
1650.0016644770399 0.1933 0.2437 0.4622 158.8941 2476.4226 0.29351655612044375 0.09520351230400373 33.9694375587612 57.020409834024065 43.375867630749696 45.243953652870836 0.18023471215095735 0.05888546123328951 0.38996237719934407 0.045375185001067464 0.30771406766027537 0.131259384063892 0.6657813463922321 0.04401683330028153
1660.0016644770399 0.2017 0.2437 0.4622 160.0561 2387.8748 0.29567301417416014 0.09824136674352466 34.2341678863378 55.19823328372482 43.65481399252818 46.4553807351679 0.17858158393208357 0.05921228561555087 0.4009661978852443 0.043482844365600556 0.30629653160589765 0.13517108392105054 0.6877224011528646 0.03937474643751969
1670.0016644770399 0.2101 0.2521 0.479 158.2761 2349.4483 0.3030861469575073 0.09996950607952831 34.68200358997983 51.778063920601404 43.838882799531135 48.09075829648906 0.1793752819086454 0.05610003561233717 0.38117247405587146 0.04204200441657749 0.31889433272825457 0.13508796500906556 0.6776504570475409 0.042293632376543495
1680.0016644770399 0.2269 0.2773 0.4622 124.9084 2333.5684 0.2965997787459963 0.09165734343931858 34.80372318054752 45.386570639185884 42.8918207949236 46.79334797670588 0.20253547581222087 0.07063229335691094 0.43821312039371424 0.049155067295651174 0.31889940609360323 0.13696296118506282 0.6899823513661597 0.0385072564375979
1690.0016644770399 0.0672 0.2941 0.4958 133.7028 2367.2459 0.3188171223547833 0.09707820379435347 35.455243042825664 42.51954518342957 43.20988995649485 46.18208844717695 0.16302896092339642 0.04070842179970242 0.328821124574308 0.027364686141795883 0.3726827296869486 0.1517932069497386 0.7516821158092692 0.019021756094303382
1700.0016644770399 0.2353 0.2689 0.4454 203.0833 2358.3523 0.31186321632935615 0.09418565833945246 35.609140458693034 38.84499822725549 43.644327258762175 46.32795150469296 0.18642975059190336 0.05981695026073934 0.40336618764430004 0.04158583026193105 0.322325439489999 0.1393997133586673 0.6973950418056342 0.03819858744520978
1710.0016644770399 0.2353 0.2857 0.4706 191.7116 2393.6237 0.31691023984561856 0.09407613055738377 35.92736137190276 36.31477125515373 43.4776471567215 48.10680927796592 0.19973514198588435 0.06819999035442997 0.4244371767200043 0.04921404758506349 0.30904255958174576 0.13087209591913454 0.6567154391112097 0.04830667353839677
1720.0016644770399 0.2185 0.2605 0.4874 211.2311 2318.959 0.33592948439765175 0.09963945780141063 36.5624872036715 34.472147265454836 44.19744705059842 48.2725894094355 0.19676577689445465 0.06600827989465385 0.4037090939731052 0.05163812075711799 0.3211792072498867 0.1267795720547685 0.6589711321161469 0.03595565136546673
1730.0016644770399 0.0252 0.2941 0.5126 238.1212 2397.9893 0.3449186201230939 0.09196920427637145 36.85761093022949 29.48035114906708 43.379856705897204 48.1023369820517 0.14683014963468338 0.031109460980389622 0.28643914436930035 0.020525967580090385 0.3711335263505917 0.141982580578511 0.7240145841921379 0.01948319223593519
1740.0016644770399 0.0 0.0924 0.5126 234.2011 2280.5147 0.3489695886878588 0.0867401022291766 37.019147673241356 26.80863576204434 43.32451180602992 47.3454879744581 0.11528309229749688 0.018999037044807234 0.2248965243180677 0.012302231643453008 0.362764825452338 0.13862731443549234 0.707688757849643 0.02446661596442404
1750.0016644770399 0.0 0.042 0.5126 215.5387 2340.6934 0.37607695321692236 0.07613919436664279 37.71995751000975 22.461263515832282 43.525661558496864 46.90208062759736 0.10145246937542741 0.013413352522548813 0.19791547304386659 0.006969880275370097 0.35974838328167474 0.13592090456723765 0.7018042231232671 0.02325394215501549
1760.0016644770399 0.1765 0.2269 0.4874 243.3059 2239.4553 0.36847369035478444 0.08341285993477272 37.37995742849201 26.63564836007924 43.47304196325359 46.32586603999114 0.16828193267042993 0.048353118909068175 0.34526810323760626 0.03791969518300168 0.3537508562810482 0.14389104974818545 0.7257991706455988 0.023109949227098567
1770.0016644770399 0.2017 0.2437 0.479 250.132 2267.8892 0.3788752782173412 0.08065433154716163 37.74692476015259 24.341232556842026 43.79530560914887 47.35554628085846 0.17198087376803936 0.052469381860366766 0.35904778909467866 0.04219512865996751 0.3369784444287806 0.13778531962684862 0.7035164015267525 0.027863147031031876
1780.0016644770399 0.2101 0.2521 0.479 223.5666 2300.8494 0.374548832580824 0.07641417726742987 37.65601330926083 24.084945234672926 43.665134149733056 47.143645375543535 0.19179151831749505 0.06664748387194884 0.407556976424677 0.053453580079986546 0.33307712279520857 0.13760156808144108 0.7077888859398181 0.025178964292156377
1790.0016644770399 0.1176 0.1849 0.5126 175.736 2363.7395 0.3731842353470422 0.0770649314343873 37.48624147556654 25.308471404688074 43.37249376146307 45.834704779717384 0.16640025112578694 0.05118401469573255 0.3356208454909939 0.0463598302712315 0.34503620916856004 0.13568321341595493 0.69592048967896 0.02764746766533271
1800.0016644770399 0.2269 0.2941 0.4958 210.2057 2250.5805 0.3536145572594881 0.06723974374612432 37.128248488887486 23.057060821514458 42.69171513559162 44.93747240783176 0.214473310273796 0.07547800180978166 0.4325817613996902 0.05758223575287213 0.3483341167695133 0.14004458841636244 0.7025722016198658 0.031749472311149
#####################################################################
# End of data export. Simulation finished at: 2024-05-19T14:04+0000 #
#####################################################################
