#####################################################################
# Alchemist log file - simulation started at: 2024-05-19T20:20+0000 #
#####################################################################
#
# Algorithm = sm_av, CamHerdRatio = 3.0, NumberOfHerds = 8.0, Seed = 100.0
#
# The columns have the following meaning: 
# time 3-coverage 2-coverage 1-coverage CamDist ObjDist NoisePerceivedNormalized[mean] NoisePerceivedNormalized[variance] NoisePerceived[mean] NoisePerceived[variance] NoisePerceived[percentile90] NoisePerceived[max] BodyCoverage[mean] BodyCoverage[variance] BodyCoverageOnlyCovered[mean] BodyCoverageOnlyCovered[variance] FovDistance[mean] FovDistance[variance] FovDistanceOnlyCovered[mean] FovDistanceOnlyCovered[variance] 
0.0 0.0 0.0 0.0 0.0 0.0 NaN NaN NaN NaN NaN NaN NaN NaN NaN NaN NaN NaN NaN NaN
0.0035323583198624275 0.0 0.0 0.0 0.0 0.0 NaN NaN NaN NaN NaN NaN NaN NaN NaN NaN NaN NaN NaN NaN
10.003532358319863 0.1304 0.2609 0.2609 2067.9029 2664.3001 0.2154194598009944 0.08698870357351007 33.52471042098914 42.990144070848295 45.976063689507455 46.82006635737481 0.15193197116612092 0.07563325809582469 0.5824058894701302 0.03817647796915996 0.2125144794440182 0.1320791501787383 0.8146388378687364 0.012466960597216619
20.003532358319863 0.2609 0.2609 0.3478 1869.2267 2622.9572 0.24390916455601436 0.08779359283261481 34.029035647595904 43.27333485723246 45.166686496973945 46.21235308762742 0.18007333182008853 0.08134923686784759 0.5402199954602656 0.04878128260101618 0.25437180594644293 0.14174652741542465 0.7631154178393288 0.03468199852505934
30.003532358319863 0.2609 0.2609 0.4783 1511.583 2769.0598 0.27180168703764745 0.09531749877971334 34.585457490397815 47.03727159130359 45.37450973736346 48.080411222566106 0.2385753525047439 0.09462649471498147 0.49883937341900997 0.06761621018878593 0.32803385052944645 0.14294618823206867 0.6858889601979336 0.0520615758313694
40.00353235831986 0.2609 0.3478 0.4855 1184.4745 2802.8078 0.2829095293734481 0.09384530789543181 34.94277517336439 45.083339903441384 45.37708900738868 47.65589898565152 0.2636665840822021 0.09020971422231816 0.5430744567663267 0.033215139049825586 0.34958533141241843 0.15331024849106475 0.7200414288793096 0.04744960020529223
50.00353235831986 0.2609 0.3406 0.5435 1069.1923 2784.9793 0.29240437696362165 0.09572348628834389 35.42142632119979 44.71267927551982 46.385935156010696 49.134718093988795 0.27455759687604653 0.08544669616737971 0.49853879432755815 0.042930471321167285 0.40146552599566676 0.1539159588850439 0.7289768761500265 0.039221641278288435
60.00353235831986 0.2609 0.3406 0.5217 1032.7125 2823.6744 0.29331704446956247 0.08656906292830079 35.70595838265025 36.08683901156944 45.42698861151337 46.74327547123664 0.26947522932044377 0.09475784950398472 0.5164941895308506 0.053461797620517455 0.3819389593874647 0.14892523884842684 0.7320496721593073 0.027454515238592447
70.00353235831986 0.2609 0.3333 0.6449 981.6478 2790.0693 0.31898304624331425 0.08012302937723702 36.48792692697601 31.599148018785144 45.23638614821852 47.25846522756983 0.2899067213876749 0.08417471299772086 0.45462644944885383 0.05680428172294168 0.46237241387898487 0.1415981549579196 0.7250840126738627 0.030298907689439842
80.00353235831986 0.2609 0.3261 0.7681 846.4371 2726.3889 0.33444838780616876 0.07487696448169315 36.97459288275178 27.383521927084388 44.92734266158329 47.00412946410398 0.3241602007489293 0.07068223441789083 0.42603912098430713 0.049288495430196345 0.5489593609058516 0.11811289813718459 0.7214894457619764 0.029915484021947034
90.00353235831986 0.2609 0.3333 0.7754 796.2689 2793.6425 0.35370238010619626 0.07283535210045805 37.35967877249429 25.978524505926398 44.974933679995566 47.375983393821855 0.31957612489733683 0.06799478755882575 0.41605193618709885 0.048195784750785696 0.5601164194228948 0.11855428497316174 0.7292081686826366 0.030207714768732623
100.00353235831986 0.2536 0.3261 0.7754 818.6573 2873.7429 0.3695015687214573 0.07590283703525605 37.65576847850779 26.319944873470554 45.24005606236108 47.93997802844452 0.3209246456890421 0.07017219367665462 0.41390281406624124 0.05184726887859056 0.5558047267736624 0.11905787017532798 0.7168322644370599 0.03735798704530545
110.00353235831986 0.2319 0.3116 0.7826 819.6249 2784.7938 0.38207751402505297 0.07680089366957332 37.91253178902383 25.205977780443003 44.98887944777428 48.05151351327113 0.3191132472584327 0.07104487259000752 0.40775581594133065 0.05448167354602369 0.5493330676275593 0.11862994376200289 0.7019255864129924 0.04378106753718427
120.00353235831986 0.2319 0.3116 0.7899 770.1145 2751.8147 0.4045798096996548 0.07862485982490518 38.42127259623753 23.927803011881153 45.236996061914496 48.838415014247914 0.31064809434042134 0.07198267377290789 0.396939231657205 0.05759227878869651 0.5550860429540396 0.11784442728149044 0.7092766104412728 0.04049906659881492
130.00353235831986 0.2319 0.3188 0.7754 829.4116 2762.0885 0.4318147940993553 0.07211193090204887 39.11546775599761 19.568766934190556 45.57205201332234 49.49461117074355 0.30331136755933163 0.07167716855756984 0.3840088873686951 0.059648319719330746 0.5605111571504308 0.11588650557613349 0.7096379787776096 0.040198251197193585
140.00353235831986 0.2246 0.3116 0.8261 714.8892 2914.8844 0.4387190172440669 0.06451358560034615 39.26516062193574 17.383352196959063 45.22669480561969 49.25301855898623 0.2956568781175449 0.06557085540620801 0.3547882537410539 0.05763691823063001 0.5920057659403872 0.0994644822803959 0.7104069191284647 0.03468104605079206
150.00353235831986 0.2319 0.3551 0.8406 668.4106 2788.4426 0.44827980159015635 0.05434393464401176 39.4168847300681 14.346208687707316 45.04959786709734 49.44814151813781 0.29239987771082393 0.06735537663399471 0.35709011614242214 0.059083561978237276 0.6123365308128892 0.10465059279837559 0.7478092146210504 0.02579784561252957
160.00353235831986 0.2319 0.3768 0.8188 672.4849 2820.6447 0.46310307555989205 0.05258085238313619 39.61656610169609 13.662849786957212 45.127707123557016 49.3578580053709 0.29639240667498096 0.07180926814399814 0.36519778679595866 0.06327551001140669 0.6190525913127735 0.10917836900556616 0.7627612285818102 0.024148778026972652
170.00353235831986 0.2319 0.3913 0.8116 639.2263 2810.7845 0.47587605986342824 0.05021634867928822 39.810196311132714 12.67901015050973 45.232395355189304 49.0187753231973 0.29589215095716925 0.07274677961660664 0.3712101530189941 0.06321871586903734 0.6055616100082892 0.11504194499602109 0.7597045652831265 0.026416557002907848
180.00353235831986 0.2319 0.5145 0.8043 625.8899 2840.4169 0.4785512499747228 0.05091950259566555 39.85964328245627 12.842642905599998 45.39093368149967 48.78151403071342 0.3274431178373554 0.07482752797637847 0.4145610115738995 0.05847001831500414 0.5981870038305235 0.11719447566035165 0.7573376745744242 0.02701653783944721
190.00353235831986 0.2246 0.5942 0.8261 607.7099 2732.075 0.4916399804980284 0.04952449186995624 40.045602432025824 12.169195785860996 45.798844906556894 47.296211428720056 0.3602229712461415 0.06893015741578543 0.4360593862453292 0.05020836265388616 0.6129590007439739 0.1039761580623714 0.7420030009006 0.029461200203534564
200.00353235831986 0.2246 0.6232 0.8406 603.6871 2660.7358 0.5000650982646104 0.04656542829504402 40.176697997778156 11.46536008509632 45.334843159652486 48.09108555023243 0.36291111403134296 0.06712681922149223 0.43173908393383903 0.04999434931370269 0.6220574598497428 0.10288722537275852 0.740033874648832 0.034504268227808485
210.00353235831986 0.2319 0.6232 0.8261 611.4088 2788.625 0.5214028177291685 0.04449132275470437 40.468274610159774 11.06774509603255 45.13748578053019 49.184348271740944 0.3604367705595727 0.07337931590452575 0.43631819594053534 0.05556286162275733 0.6168911060223665 0.11153705567727301 0.7467629178165489 0.03738462807421434
220.00353235831986 0.2319 0.6014 0.8261 645.2591 2791.8678 0.5226626458131606 0.04806487816617002 40.48791386756825 12.096092217780281 45.29187856154181 49.268338703052095 0.34738676394024487 0.07170175324104107 0.4205208195066122 0.0559038884445397 0.6260778566498125 0.10586488597703696 0.7578837212076678 0.02757193097814615
230.00353235831986 0.2464 0.4855 0.8116 664.577 2764.2524 0.5529112299043922 0.05493115596263787 40.99822112432663 14.14120470499739 45.86423856417406 47.76536721518233 0.32204638331261026 0.07815526711421523 0.3968071508673233 0.06652904136579298 0.6164521648129587 0.11263683346349289 0.7595571316445384 0.029344590935695358
240.00353235831986 0.2391 0.4348 0.8333 588.2659 2764.334 0.5430485674791551 0.0544384476194769 40.85437365727218 14.32548425619834 45.98752043930248 48.624086018111385 0.31660554924702095 0.07555570680519867 0.37665142927662837 0.06719681142795281 0.6341742823883165 0.10346939960363749 0.7544487152550662 0.03173360303124893
250.00353235831986 0.2319 0.4493 0.8188 566.6569 2805.7171 0.5237905977112074 0.05702010297253887 40.57360528779956 15.12257288068113 46.31933213838423 48.58602974140736 0.3024509082045678 0.07331634034135893 0.3693648259489412 0.06474527187579632 0.6209557603272325 0.109277224478631 0.758335353319983 0.02855948308907751
260.00353235831983 0.2391 0.4348 0.8406 595.2734 2840.4911 0.5168144982728538 0.05930499077140006 40.441843276445454 15.633442893425368 45.84559747953618 47.97750422179291 0.29924689451794384 0.07422749437205833 0.36224624073224776 0.06696939138773275 0.6282349522773201 0.10844656301144939 0.76049494223044 0.030006292414387164
270.00353235831983 0.2319 0.4203 0.8406 610.8699 2952.3079 0.5016982273001921 0.062152050473805814 40.211013329423125 16.591264078159327 46.037255961818275 48.37938034748006 0.2954104661822086 0.0735367219381243 0.3514365890788344 0.0677437728698368 0.6360443351943438 0.10192143917763134 0.7566734332484435 0.029348908256708616
280.00353235831983 0.2319 0.4058 0.8261 606.8517 2892.1107 0.5161787522676493 0.06524254265061713 40.432549853441785 17.569189203964093 46.279757462781646 47.93556674071402 0.28426995427778884 0.0718236099335467 0.3471615370826094 0.06582718485766866 0.6204813689044272 0.11042451208843262 0.7577560080425748 0.030123402026517854
290.00353235831983 0.2174 0.3841 0.8261 668.5741 2949.5834 0.5204394319196541 0.0645672152696597 40.50302799488378 17.576570327272798 46.464271453778714 48.20839312585357 0.2798725608614015 0.07044896338266388 0.34179126901657886 0.06482194678510268 0.6241443666948305 0.10945627989293774 0.7622294035742179 0.02769625567930578
300.00353235831983 0.2246 0.3841 0.8333 643.6663 2882.591 0.5131341468220255 0.06973804731816856 40.419804957789594 19.28304830545698 46.50529129790688 48.76394763289269 0.27975613923369713 0.07000817550061662 0.3386521685460544 0.06475539368505268 0.6268595735858267 0.10728012304841145 0.7588300101302112 0.029035931857061038
310.00353235831983 0.2101 0.3768 0.8188 566.6656 2830.9911 0.5029090432971071 0.07234426871036634 40.243842608791496 20.165988357447716 46.53316908599023 48.87211625059986 0.2743433566448275 0.06960897588347817 0.33503878953085126 0.06462980395431848 0.6174489374785648 0.10819051915446416 0.7540526847083358 0.028414066069295207
320.00353235831983 0.2029 0.3696 0.7971 624.3136 2882.2357 0.497375183684014 0.07489255120635174 40.16871341099555 21.427575157224783 46.52312003473598 49.367921893372795 0.26212090713816105 0.069594875398762 0.3349322702320947 0.06449266742558858 0.6005018744805773 0.12450967629725061 0.7673079507251822 0.03023111935788464
330.00353235831983 0.2029 0.3913 0.8043 588.0242 2747.7991 0.5032109307634136 0.0751928025090768 40.29761861741501 22.126853548032013 47.1020100563902 49.40675445665133 0.2626663904953333 0.06793886928201381 0.3265582152104144 0.06356069694896468 0.6131415521137882 0.11464597409010802 0.7622840918171421 0.028063827888342448
340.00353235831983 0.2174 0.3913 0.7971 479.0342 2820.6485 0.49972300887502863 0.0775929746894674 40.23978946582912 23.18500017255869 47.03308272170484 49.73887782575322 0.26254539035530733 0.07079425787257153 0.3293751260821128 0.06676594072593307 0.60707937954583 0.11662973961598891 0.7616086761574958 0.02781908711187978
350.00353235831983 0.2319 0.3913 0.7899 567.1192 2854.0148 0.4927951577455667 0.07578136554385886 40.06414890599474 21.726263765659315 46.66063366112179 49.60846283673816 0.2618777798499639 0.07243906647702046 0.3285375783572274 0.06894609855103241 0.6054806908710906 0.11648684574006563 0.7596030485473682 0.02826420610060621
360.00353235831983 0.2174 0.3986 0.7826 604.2533 2850.077 0.5024672506171953 0.07901379552373558 40.24030244243886 23.34949937587411 47.222655287634765 49.28025879078036 0.2635514851710165 0.07260521046584942 0.33063731776000255 0.06887151432715855 0.5988267061211638 0.11925937807381154 0.7512553222247328 0.03433142930573335
370.00353235831983 0.2246 0.4058 0.8188 542.3778 2822.2493 0.5004249126967881 0.0796982757248843 40.20674321122077 23.75656288935505 47.24112304348365 49.75189327787393 0.2693761657654782 0.06998478816862501 0.3289726626162477 0.06582572425599108 0.6218584972039468 0.1091075051359895 0.759437810744643 0.028046042954398023
380.00353235831983 0.2319 0.3986 0.8188 507.4162 2786.3068 0.5017565166824999 0.07907726841938464 40.169869946373055 23.512147998123137 46.657709822459175 49.37110532802576 0.26803353804130886 0.07051352580960672 0.3273329933601825 0.06666917435461221 0.6150541350484566 0.10949717084922267 0.7511280587317435 0.0308169816472904
390.00353235831983 0.2246 0.3696 0.7754 531.3102 2763.9443 0.5114442905825395 0.08202158807540998 40.32799951637699 25.405341651851327 47.014314627257605 49.65170314569403 0.25430034097818316 0.07280270158124215 0.33107025523574785 0.06933189709729773 0.581098751861302 0.12561105712599097 0.7565247901590536 0.029914431087874813
400.00353235831983 0.2174 0.3913 0.7681 554.3199 2755.7998 0.5198112265939456 0.0836229208137836 40.434182870319724 26.47969284479235 46.95851068296531 49.90166791838032 0.2607073893636003 0.07180699563389206 0.333126108631267 0.06758976877140027 0.5907550171877812 0.12285846502530137 0.754853633073276 0.03227665961731241
410.00353235831983 0.2319 0.3986 0.8261 520.3864 2753.0887 0.5182822727146239 0.08053626883236638 40.36652736181747 25.151776005301624 47.033666450257584 49.93802722598775 0.2684631294150046 0.06986197440691767 0.3307849273149164 0.06542520737153622 0.6036009129461923 0.11525834232462197 0.7437225534515584 0.03710532414576874
420.00353235831983 0.2391 0.413 0.7971 512.5635 2735.7321 0.5197715125006555 0.0800882141257181 40.378997852846474 25.34491636385525 46.96448384146066 49.43823652855427 0.26472588095051225 0.06911820911767066 0.3291186628033395 0.06469805904116749 0.5925706046112486 0.11467133681094847 0.7367094003274982 0.03566418276526227
430.00353235831983 0.2464 0.4203 0.7826 526.4748 2794.8256 0.5119276356850727 0.07994853467871112 40.24956391682827 25.39235620722802 46.743868744243514 50.08057770177853 0.2584600546849145 0.07019522364033051 0.33334100510764675 0.06552764407595314 0.5917900168155278 0.1254406293714043 0.7632431992574097 0.03003108817427475
440.00353235831983 0.2464 0.4058 0.8043 548.2946 2820.842 0.5104201097672657 0.08171594271550142 40.25929901141155 26.36922243984527 47.1423272975498 50.36347644436573 0.26362351270685014 0.0706752221138271 0.3277481509328407 0.06681498382843522 0.6005611827895095 0.11444103014065835 0.746643632657228 0.03246801076542196
450.00353235831983 0.2536 0.3986 0.8116 552.2078 2864.4841 0.4969867435996564 0.08134219472801753 40.02334631627812 25.874295756294384 47.02126367768373 49.94125418116135 0.26215312545703867 0.06727318509563743 0.3230101010095655 0.06319635641641616 0.61775541719919 0.11216345214419501 0.7611629247632877 0.028296102883049443
460.00353235831983 0.2536 0.4058 0.8043 552.6544 2795.2162 0.5040805502423026 0.08287458611954172 40.163262896991775 26.71141839465477 47.28304780903173 50.23911178679963 0.26230384264639706 0.0706271292522028 0.326107480046872 0.0669668826271548 0.616625331247691 0.11773972904790604 0.7666152766863186 0.030609582805041842
470.00353235831983 0.2464 0.3913 0.7971 566.9148 2868.6882 0.499828370248683 0.08224375884076617 40.1218561806913 26.501646482750242 47.52512039923003 49.84733825361775 0.26155110043505897 0.070601762973023 0.3281277441821649 0.06669193298375065 0.6187862979211598 0.12029718714861276 0.7762955373920005 0.027803719930693357
480.00353235831983 0.2536 0.3986 0.8043 513.5468 2813.7377 0.49914827795833316 0.0835410632532182 40.11098113523245 27.218315462128146 47.176667507621715 50.41004919273128 0.2614712039433489 0.06601768744232464 0.3250723076052446 0.06135911721243142 0.6206129017261804 0.117166363287606 0.7715727967406568 0.02838995362627749
490.00353235831983 0.2609 0.3986 0.8406 538.2641 2775.0511 0.4861693151236512 0.08125370214572972 39.88946700314097 25.45380425947979 47.21314645483663 49.629400192179666 0.26914080185403627 0.06432596307865432 0.32018474703325006 0.06014618949130874 0.6489161625098133 0.1049826586845623 0.771986469192709 0.029231524379376598
500.00353235831983 0.2536 0.4058 0.8478 516.6415 2793.2416 0.4892788973234782 0.08177125758299733 39.941272744033846 25.361198185818612 46.918718438349494 49.74813181463454 0.27349380009401036 0.06687596628666836 0.3225824308801148 0.06301118266473517 0.6489437183763073 0.09814729558265663 0.7654207960335933 0.025992794200961296
510.00353235831983 0.2609 0.413 0.8623 501.6639 2660.7555 0.49157322038043255 0.07960432682263471 39.96737809247539 24.156565379455827 46.76794866222209 49.18546694249683 0.27372994550022645 0.06388882618177494 0.3201248515172139 0.05983088909163812 0.6480172374919155 0.09322918127569153 0.7578506675752911 0.025217024906827853
520.0035323583198 0.2536 0.4203 0.8478 532.5517 2740.7597 0.5046001364048998 0.08104479260079023 40.1873525034878 25.065242511092674 47.07079126916686 49.33677603570228 0.273724678597017 0.06348517661468724 0.3228547491144303 0.0589795658196545 0.6316045823950452 0.09683947039469532 0.7449695074403098 0.029189294797860234
530.0035323583198 0.2609 0.4348 0.8406 548.9015 2779.3486 0.5092272466034121 0.08255706693563761 40.273979120354525 25.191264910765764 47.44697086260154 49.4181684426599 0.2768180310892087 0.06477359006029719 0.32931800250267934 0.05972553300043658 0.6411589211917315 0.1029068654955584 0.7627580269349908 0.0290361745385401
540.0035323583198 0.2899 0.4638 0.8116 529.8264 2786.096 0.5150085778206624 0.08643151187248192 40.32568925092596 26.42202209470258 47.02241659882604 48.876532286874685 0.27970558183354904 0.06837070985228795 0.3446372347591944 0.06180600301574748 0.6249649909738351 0.11122839345346819 0.7700461495927611 0.02455622427886086
550.0035323583198 0.2899 0.4565 0.8551 478.3973 2759.3789 0.510256612292649 0.08256228632210527 40.238557884652586 24.44143729854899 46.644808719803386 48.5924657415143 0.2909543752576949 0.06529675831246774 0.3374092755089235 0.06000349571638075 0.6515067297547823 0.09134719204903664 0.7555288126568064 0.026797926248276087
560.0035323583198 0.3116 0.4493 0.8333 514.2197 2830.4762 0.5126495595092154 0.08259976117860268 40.26895209874436 24.509676553523203 46.68898789822883 49.24983209898527 0.2811147611952975 0.06759829776038156 0.34029681618378116 0.06163776810587346 0.6415042922508576 0.10734247168075584 0.7765578274615644 0.024335878870099935
570.0035323583198 0.3333 0.4638 0.8406 504.2126 2747.5237 0.5028049502307541 0.08300413678436305 40.13524454975203 24.67746973593008 46.76085813024719 49.4132604872112 0.2842435248702252 0.06676517825895069 0.33815177958699205 0.06114996033491676 0.6556265515821125 0.10207224086115531 0.7799695182614786 0.023772043781267075
580.0035323583198 0.3261 0.4493 0.8478 544.134 2856.0335 0.5023110332932733 0.08228267216199975 40.145882945754224 24.655479960540802 46.61991067414716 49.42539458490045 0.28050213343606556 0.0656056275825974 0.3337008139153194 0.06024945733651023 0.6581957323100034 0.10270477377208245 0.78302595740328 0.02375737783354638
590.0035323583198 0.3188 0.442 0.8261 559.3308 2961.7539 0.4993902161227196 0.08729178556719344 40.0981287424934 26.56052335963694 46.8832359925018 49.53466393279567 0.28192041280802765 0.07089231346031305 0.3412720786623492 0.06551477324735085 0.6418362643934776 0.10558685308441626 0.776959688476315 0.02209785111240734
600.0035323583198 0.3261 0.4565 0.8333 576.362 2848.9023 0.49760011291483214 0.08653717280034437 40.0394317771191 25.74410050803755 46.79489869732003 49.52584601353585 0.2779805214999133 0.0674668712092743 0.33650273655252666 0.06192895935431964 0.6402393548624346 0.10572840556052329 0.7750265874650523 0.022795849780133288
610.0035323583198 0.3406 0.442 0.8261 513.8408 2741.4918 0.49107055551669265 0.08889796021965607 39.88405378357579 27.080080387763168 46.295242093992506 49.355746055009206 0.2759534717468176 0.06792514749616824 0.34001409911661457 0.06185779602277975 0.624789955445826 0.11318507651167378 0.7698304808171785 0.027034363378591074
620.0035323583198 0.3478 0.4565 0.8188 512.7715 2776.7621 0.47982234473400504 0.08717872788253055 39.6683136261729 26.508838191693457 46.2450488280105 49.37769378836427 0.2800247526104992 0.0668071500763759 0.3389773321074464 0.06083584526485481 0.6351055198674006 0.10842093492080543 0.7688119451026428 0.027743602144760907
630.0035323583198 0.3551 0.4565 0.8188 530.4936 2739.672 0.4799416107248872 0.08603112978327275 39.65245920205606 25.7505227778743 45.933045117436485 49.39129917056153 0.28203806305565077 0.06680704085707516 0.3444358646166355 0.06003539281102627 0.6336695832859793 0.11163949160803077 0.7738619689687181 0.0271008086193602
640.0035323583198 0.3696 0.4565 0.8116 516.8362 2675.1117 0.48587278128335326 0.08385988166758941 39.746350786188444 24.933238529995 45.851905232879204 49.651947573914434 0.2862169175711675 0.06678293638706845 0.3495392444674435 0.059358581758818925 0.629103549542496 0.11236352917834819 0.768285750768712 0.029558224782551296
650.0035323583198 0.3696 0.4638 0.8261 552.5155 2724.4221 0.48332267808503204 0.07891528491636418 39.70272647216445 22.592574684488532 45.66882075936628 47.74261396704168 0.2874633620106551 0.0648893307422391 0.34798196453921404 0.05742538708844599 0.6300197277030322 0.10864183673132224 0.762655459851039 0.02966566361657676
660.0035323583198 0.3696 0.4638 0.8333 516.2927 2772.2889 0.4742013088760906 0.07552962428250821 39.59591824060517 21.56887990032103 45.712911431246354 48.30187296899449 0.28904954435623276 0.0640612919349366 0.3468594532274793 0.05675813119414081 0.6460777422014786 0.1037081489194191 0.7752932906417744 0.023573003600343805
670.0035323583198 0.3551 0.4638 0.8623 552.7134 2678.2795 0.48394660993053457 0.0771897358746883 39.856222889733445 22.15162756144446 46.2841669974997 49.114746521250645 0.2928203920487633 0.06121294319743053 0.3424509669722825 0.05453539051215339 0.6733013118635348 0.09832686740692972 0.7874201782810831 0.024507350891110582
680.0035323583198 0.3551 0.4565 0.8623 608.2859 2770.7579 0.4891645579839497 0.07401875590856895 39.91915931943228 21.711781801396253 46.0314679756925 49.178845877495824 0.29185161111821695 0.05879860507430969 0.33562935278594946 0.052875945234418825 0.6755293120050525 0.09261506030393288 0.7768587088058103 0.02724393561440162
690.0035323583198 0.3551 0.471 0.8841 538.075 2740.518 0.49524279726427384 0.07186997300955628 40.04050762154494 21.128852913799577 46.03530575700314 49.73802358929543 0.2978039994238576 0.05914718498072833 0.3341215603292061 0.05418543678658299 0.6774263830557096 0.0899425056379178 0.7600393565990888 0.03769723432443522
700.0035323583198 0.3841 0.4928 0.8913 572.3529 2831.5587 0.5002268583045133 0.06905060176282307 40.11933829471722 20.010711375618264 46.11909891000626 48.033102406968695 0.2967644739895558 0.05568934519906023 0.3302701404077314 0.05087208186484108 0.6806868515627461 0.08529379662193097 0.7575385928682175 0.0363105552940665
710.0035323583198 0.3768 0.5145 0.8841 552.7269 2776.0736 0.5155882040688617 0.06573409181321321 40.38508160685208 19.099819679362387 46.40008559686175 49.17871259991916 0.3052703972502617 0.05616362109735809 0.3453058591847223 0.049651484144127726 0.688204219058931 0.08651400708872518 0.7784605100830532 0.0271122483685666
720.0035323583198 0.3551 0.471 0.8696 501.6044 2776.7832 0.5300499799463827 0.06565392482592164 40.61500356318451 18.96526929872267 46.21037249228278 50.3377058309417 0.2893055750764817 0.05882256412954693 0.332701411337954 0.05316091234707583 0.6859103360075373 0.09174865041079072 0.7887968864086679 0.02378801876562605
730.0035323583198 0.3478 0.4565 0.8841 533.2111 2853.8662 0.5265189327017504 0.06398104198057261 40.49128210141158 17.785477932345696 45.807798968599 47.926835758832816 0.28615432052438683 0.06068320917327244 0.32368275600299495 0.05645973678501127 0.6950715933769891 0.0853456851916568 0.7862285236559384 0.024368570810921083
740.0035323583198 0.3406 0.4565 0.8768 513.1884 2877.6852 0.5069426369387635 0.07044199624897299 40.195714026817555 20.12480987515482 45.85479366975293 49.77736164060676 0.28207356306293097 0.06099272062651919 0.321703733080037 0.056777939297867376 0.6786566283139323 0.08801047080294047 0.7740050802258069 0.026063433110471115
750.0035323583198 0.3333 0.442 0.8623 496.5683 2771.6492 0.49761879468064524 0.07242258372642589 40.05205707658619 20.146017941946052 45.81969003821545 49.27028955433794 0.2769142588874626 0.06240019165039434 0.32384887903788007 0.05773725478203268 0.6625102033495849 0.09855723627107194 0.7748000683240909 0.027658823527551654
760.0035323583198 0.3261 0.442 0.8696 510.0816 2910.9356 0.4852203297217883 0.07209453920619532 39.868012410781645 19.85429306456932 45.6251492622442 47.96881643057094 0.2800699801763949 0.06323134251626475 0.32208047720285415 0.05915128246345324 0.6723276401964425 0.09140241393265346 0.7731767862259089 0.026598524994039516
770.0035323583198 0.3043 0.4348 0.8478 572.5655 2837.6043 0.4811434930421554 0.07628353771886637 39.8432505596408 20.975415379485412 45.73944968336935 48.582895492214114 0.2757899251797699 0.06439772790482234 0.32809491098972626 0.059407067495468015 0.6628293577207055 0.1024699993205836 0.7885383738401497 0.022084604015363864
780.0035323583198 0.3406 0.4348 0.8188 520.3878 2876.3623 0.47028178607221255 0.07917885798645988 39.664878770684986 22.28340103818478 45.72732782532473 49.42224301407036 0.27762589910626917 0.06523917161464494 0.3390475582005765 0.058790686889070076 0.6497725532791118 0.11362826403614588 0.7935275429426322 0.02389965831315735
790.0035323583198 0.3333 0.4203 0.7971 569.3721 2847.4664 0.4640456530768308 0.07907053238307966 39.54631971772211 21.78912658235007 45.7965557442149 48.497032513837624 0.26848366311887867 0.0648001873714376 0.3399150964257363 0.05769479456473226 0.6308156594858328 0.12366202497191987 0.7986473487068342 0.021588139407321627
800.0035323583198 0.3188 0.4058 0.7971 579.6752 2870.5507 0.4771081106315042 0.0810279131107964 39.82086007083404 22.256238717442194 46.12215885392657 48.994502035173745 0.26736668507079464 0.061457933288337846 0.3324018246826096 0.054728737846606555 0.6274439894277427 0.11502282931792245 0.7800655003696261 0.023118614165908873
810.0035323583198 0.2971 0.3841 0.8116 554.5587 2826.6702 0.49153412365998944 0.08382104111417889 40.09418197367968 23.551668800728642 46.61332597628523 49.90034705132105 0.2619632909434221 0.059923280601064874 0.3227761977695736 0.054153568037764915 0.6391465068823775 0.1129382626498133 0.7875198031229294 0.02149268621702492
820.0035323583198 0.2754 0.3768 0.8188 517.0316 2808.941 0.4975613801266208 0.08304373447445644 40.19769902379414 23.53380915591071 46.56563778865498 49.83970791152486 0.255786414769628 0.05662324109922382 0.31516540391257736 0.05100354309650397 0.6347042475621318 0.11144484014920088 0.7820463050319124 0.021282632423386152
830.0035323583198 0.2826 0.3696 0.7899 540.6422 2812.0513 0.49569891355311974 0.08098863971351142 40.119544198497884 22.549711742807073 46.53900496840594 49.496923423084525 0.25313647812457735 0.061728235912468156 0.32345216649251546 0.056078897682034994 0.6113795252790754 0.12249005433285334 0.7812071711899297 0.02292257345420238
840.0035323583198 0.2899 0.3623 0.7971 578.4085 2774.73 0.49444153636235927 0.08275838977968948 40.12368430492775 23.454531197242154 46.699669200558645 49.513197595953315 0.2517072021745003 0.05727192037433183 0.3129332783791085 0.051995717928588904 0.6233609302233489 0.1152179219830056 0.7749892646020013 0.024920077559051134
850.0035323583198 0.3116 0.3768 0.8116 573.3084 2893.6936 0.4994867483126366 0.08031241852959316 40.18542589336916 22.576780601264623 46.59389269451757 49.900568334796276 0.25740941111454396 0.058472620149456436 0.31716516726613453 0.053045722416603325 0.6316359706762982 0.1133493146056527 0.778265749583296 0.02475458922737136
860.0035323583198 0.3188 0.3841 0.8043 518.3427 2869.5502 0.4983027593228572 0.07792744349410809 40.12193104897505 21.580578695246913 45.79429924325636 49.8451871028623 0.2591756133809322 0.05979809386422666 0.3222183301492671 0.05397762053368754 0.6243443548649914 0.1157617013141866 0.7762119006429623 0.02522289167923789
870.0035323583198 0.3406 0.3986 0.7681 540.193 2877.5419 0.5054015951814553 0.07990465272360452 40.19893618504431 22.315450140583817 46.161756320246496 48.94478374642925 0.255870823000746 0.05962851199112408 0.3269460516120643 0.05289184564204948 0.6102435564395212 0.12469200738602208 0.7797556554504994 0.026239056839315357
880.0035323583198 0.3333 0.3913 0.7609 567.6887 2870.7282 0.512652271078726 0.08402750272965552 40.31235851252786 23.49178840984306 46.29391131754097 48.56206464207001 0.2517044613638388 0.062383403073464266 0.3276907138510354 0.05625835574383605 0.6030158393214826 0.12976513797522946 0.7850583568524963 0.025037523194727244
890.0035323583198 0.3333 0.413 0.7536 539.3673 2820.4775 0.5100935453613396 0.08289078771203096 40.27743005253039 23.78696151281225 46.092827395203344 50.40953379297452 0.2543024004282028 0.06338105562037225 0.33743972364511526 0.05597675477103302 0.5920108144907809 0.13240926298506295 0.7855528115358439 0.022603623265402426
900.0035323583198 0.3261 0.3986 0.7391 558.1818 2847.0467 0.5239600335004002 0.08805219965454578 40.56458732807643 25.731273299729427 46.80999415357482 49.98426986359561 0.2492575913850637 0.06388175781494872 0.3339567729236776 0.05723879108871583 0.5822052846938566 0.13436453318027838 0.7800420319199243 0.024636081189697647
910.0035323583198 0.3043 0.4058 0.7536 537.9258 2765.9416 0.52370201102712 0.09380921757292567 40.628721773117384 28.094398639799525 47.26602699079285 50.49861702149563 0.2532627044653717 0.0625212614934368 0.3360601270790509 0.05506429066604142 0.586840008122609 0.1368895692774875 0.7786915492396157 0.03123282444921511
920.0035323583198 0.3116 0.4275 0.7754 536.4742 2752.5966 0.5301405924268678 0.09389084484503875 40.78463775754932 28.067092767185017 47.13266481413445 50.21659993680602 0.2699601094636659 0.06317277977769985 0.3417843587705128 0.0553601359745541 0.6078614888044923 0.12202844777247537 0.769586105091926 0.02918191141019164
930.0035323583198 0.3261 0.4275 0.8623 543.0406 2762.0801 0.5235902106143414 0.0884571919952799 40.66107683155205 25.83596104615849 46.71532979340393 50.38971260614386 0.30400925818026137 0.06202003073082584 0.3555362510921701 0.054145452744518825 0.642427548545988 0.09859718546568054 0.7513135737232741 0.032944646680947556
940.0035323583198 0.3261 0.4493 0.8623 547.7906 2812.1108 0.5212447614840079 0.08410562444890983 40.6677567996281 24.703847436508212 46.73220132948496 50.340173059470146 0.314446985824261 0.06439356490220116 0.3616140336979002 0.05693417158736573 0.6619733067812783 0.0903546733485007 0.7612693027984699 0.02779555470337923
950.0035323583198 0.4058 0.5435 0.8333 531.644 2722.2457 0.5298724285025628 0.07894934264129233 40.79502859306954 23.162590374669282 47.03028802580796 50.50924710116438 0.3446518584051455 0.07170941721239876 0.4135822300861746 0.057418656328421955 0.6437874652598259 0.10412139097796969 0.7725449583117912 0.024784833966958818
960.0035323583198 0.4348 0.6159 0.8188 556.6128 2745.7979 0.5410859254277474 0.07675914115993693 40.985701914423245 22.662649105038604 47.09018720454734 50.3637649589613 0.3651810796123511 0.07445543072161308 0.44597335386287124 0.05472203783760168 0.6457506076939414 0.11071331838569787 0.7886157863872912 0.02175443336093653
970.0035323583198 0.442 0.5725 0.8696 565.6159 2885.9958 0.5740805839261839 0.07585302708684787 41.49439595590191 22.161614595581206 47.567220386459326 49.92406179011941 0.3603443537196747 0.07159275390870222 0.4143960067776259 0.05983489565595673 0.6778361408976606 0.09048345658292622 0.7795115620323098 0.02424683689063282
980.0035323583198 0.413 0.4783 0.8478 509.4158 2793.8158 0.5900585142962653 0.08549007021159291 41.86601777560862 25.03645670249369 47.53004783471402 49.8534612233191 0.3346807530080542 0.074657767852121 0.3947516573941152 0.06425588598996493 0.6644809557358357 0.10031385205441372 0.7837467683038062 0.02419411117801359
990.0035323583198 0.413 0.4565 0.8261 564.3755 2875.1516 0.5817088219565273 0.09071583123015729 41.8217643255218 27.45868974887205 48.43926638844447 49.98308628366352 0.3195530005802202 0.07360654477925184 0.3868273164918455 0.06298595329349363 0.6439846724635963 0.1058283191142572 0.7795603929822481 0.02168036331404307
1000.0035323583198 0.3841 0.4565 0.8116 551.8368 2774.0943 0.5628307559678934 0.09668173002027822 41.526068722503055 29.722096088201827 48.50318595342055 50.23879811481972 0.2853818893925793 0.06027347221982408 0.34851947554138 0.05152622351440318 0.6321298816476993 0.11038558125742651 0.7719816253750665 0.026098288350035265
1010.0035323583198 0.3913 0.4275 0.7899 489.1415 2785.3808 0.5474436497060213 0.10002373310966785 41.198003694813835 30.130554741393482 48.07634119166751 49.96186214294352 0.2710168533987946 0.060633800232206256 0.34312225476177666 0.051945047510461195 0.6111940876094243 0.12112443928074064 0.7738053586247757 0.026654033676433462
1020.0035323583198 0.3768 0.4203 0.7826 556.9741 2712.346 0.542089436434495 0.10059000483900933 41.05700871890076 30.288551997580587 47.95182012545216 50.14102799508912 0.2575764351060012 0.056001893186608726 0.3291254448576682 0.04793467853170048 0.6077125527065199 0.1204992063142904 0.7765215951249977 0.02197508075610524
1030.0035323583197 0.3478 0.413 0.7681 511.0154 2739.9274 0.5336069904295236 0.1007480629106531 40.88790951787258 30.252626596989163 47.755100398965226 49.95768283495903 0.2467298151967618 0.05605370323041154 0.3212142877089918 0.04898339812882294 0.60061448440735 0.12671036785620302 0.7819320646057953 0.022198564132444962
1040.0035323583197 0.3116 0.3986 0.8043 574.8639 2764.3788 0.5328479912818501 0.09560741279914858 40.846423237697586 28.408689019010076 47.34539088398658 50.16009111116833 0.2429629523330502 0.051770363784980795 0.30206204884649485 0.04646375349821349 0.6209753867368066 0.11471683639029967 0.7720234537808948 0.025201839912465416
1050.0035323583197 0.3478 0.3913 0.7899 540.97 2815.3264 0.5164723372490844 0.09588975169292793 40.53908450036984 28.517208063070363 47.152901733095504 49.87132770756109 0.24061635219437777 0.05395614356534934 0.3046335468149003 0.048762010162262996 0.6101390796545735 0.1174173600637038 0.7724696604801022 0.022389578011495454
1060.0035323583197 0.3188 0.3841 0.8116 507.3396 2657.4142 0.510973525418252 0.09381780408204213 40.44129385598425 27.267366657588425 47.24121190309086 49.16797801134599 0.2392122610479875 0.052681957498249186 0.29474367879127034 0.04850688585221032 0.6165968641513648 0.11158812166231366 0.7597354219007888 0.027998740727835206
1070.0035323583197 0.2464 0.3478 0.8261 564.0901 2662.5873 0.5109790815570183 0.09384619064908449 40.43838973764491 27.727925672886368 47.35635410149487 49.16237854036882 0.2453695521036973 0.053774465389933766 0.297026299915002 0.049716395701460366 0.6187519564910687 0.10745958772468049 0.7490155262786621 0.0318499803754921
1080.0035323583197 0.2029 0.3406 0.8116 521.3079 2721.5193 0.5122770992426958 0.0943586245210763 40.492996465462234 28.421537425334368 47.775703325851495 49.852800674621356 0.24387576715570072 0.0557451419089465 0.30048978453113123 0.05163736798807356 0.6200104370633196 0.11408196303767816 0.7639414313815902 0.029858430237462007
1090.0035323583197 0.2246 0.3478 0.7971 524.2938 2882.0317 0.5157052554997387 0.09258067815918823 40.52919823573582 27.408111048296245 47.71437832491193 49.98885455895498 0.24728946722911463 0.05864317019518693 0.3102358770692529 0.05400007801447567 0.6209603645747394 0.11722081998428005 0.7790230028301275 0.023068485486791267
1100.0035323583197 0.2391 0.3551 0.8261 520.7008 2713.7613 0.5164154888198267 0.09102714463453447 40.55085698405537 27.1462623609741 47.65138022727867 50.380438792628084 0.25511065275577266 0.056365146017490646 0.3061327833069272 0.05198050103746201 0.6442211651403184 0.10583925535075851 0.773065398168382 0.02671404278672657
1110.0035323583197 0.2681 0.3696 0.8551 525.1024 2844.7572 0.5039777849411148 0.08868848927521071 40.26456764131952 26.132780853014676 46.96140784211368 50.76303054663039 0.27108256876499404 0.05987939958618887 0.3143646595762116 0.0557993299476075 0.6600546268665827 0.09428533067114261 0.7654415000637681 0.028115757893250645
1120.0035323583197 0.2681 0.4058 0.8333 561.1051 2790.6842 0.5014475748194237 0.08994076583620987 40.22526190466992 26.125228337083698 46.83796750945256 50.145767562521115 0.2715966992005378 0.0629503651870605 0.32591603904064537 0.057792039131301515 0.6508506783438217 0.10773206694913501 0.781020814012586 0.02691009526504019
1130.0035323583197 0.2609 0.3841 0.8841 552.8822 2823.4129 0.5021675523041077 0.0859393133936994 40.27304378709806 24.98696025300112 47.032392419954476 50.26008847441143 0.2732011621098544 0.05838023747484651 0.31158479645586695 0.054591349581386554 0.677171019686269 0.08750896919792815 0.7723107497248357 0.025816324964308197
1140.0035323583197 0.2826 0.3913 0.9058 556.1909 2856.3163 0.500232061459031 0.08381118194303436 40.25273599355956 24.1025925762556 46.604235793226565 51.10289586479715 0.27248431110315374 0.053755109517237054 0.30324866880834855 0.0504684791811122 0.7014826238760478 0.07871216544258139 0.7806822749588274 0.025338828914721036
1150.0035323583197 0.2826 0.3913 0.8913 561.1775 2816.4663 0.5030630600921234 0.0821311079741534 40.29014959820472 23.640679094918717 46.344510948982375 51.102755048507795 0.27157906632063483 0.052704391300422725 0.30469846465241957 0.04901029295133921 0.6897504163891867 0.07913877037332229 0.7738663208268924 0.023240920375790182
1160.0035323583197 0.2826 0.3913 0.8913 533.692 2783.7918 0.495711388180881 0.08472044940907072 40.1392604465495 24.037403943958402 46.435318406368104 49.97152892636915 0.27565285848587145 0.05565071792745127 0.309269060740246 0.05201135120120068 0.6825457790179891 0.07914333451198018 0.7657830691421341 0.024609891851190294
1170.0035323583197 0.2899 0.3841 0.9058 513.3081 2788.4686 0.4902239929499631 0.08748877937037629 40.06344577971049 25.166486607492843 46.906557217714116 49.735865142640236 0.28036603740381255 0.05840102658404605 0.31202026743327527 0.055091237710854335 0.694148132673543 0.07823954953258207 0.7725196960399108 0.026109063605925412
1180.0035323583197 0.2754 0.413 0.8913 548.1645 2855.9938 0.49198843139831855 0.0875425885183793 40.08633048080445 25.22969273880767 46.93634893012707 49.57791297822191 0.27815908347627394 0.05846867248552114 0.31208092292460005 0.05498431129630614 0.6917863473943232 0.08000192714871063 0.776150536100948 0.02382220371649216
1190.0035323583197 0.2609 0.3986 0.8768 524.2374 2781.0203 0.5013668321302581 0.08898499889292068 40.248036733392546 25.781028090461092 47.085638407091665 49.80950222768336 0.269732416870271 0.055719412846471236 0.3051071600663721 0.052204982586285344 0.6863383975106204 0.08325277762669692 0.7763499906267674 0.023803385117941344
1200.0035323583197 0.2536 0.4275 0.8623 578.6969 2813.1661 0.5178480983313068 0.0879311470756426 40.51978169908729 25.329458328946433 46.980980111633855 49.94923630066002 0.26812275787801676 0.054936285734327725 0.3057928974145976 0.05110367125583005 0.6821323333745635 0.08630748635712432 0.7779691074850393 0.02335501355858659
1210.0035323583197 0.2681 0.4275 0.8768 521.3584 2792.4471 0.5112671269228205 0.08476825168011402 40.38065984394551 24.293756374099885 46.491403713404225 50.37405834655984 0.27009589210970136 0.05483802154956944 0.3080432488523867 0.050819902320577995 0.6804766469096531 0.0849325089469487 0.7760808039134888 0.02214975876421666
1220.0035323583197 0.2754 0.4275 0.8841 560.8277 2874.9352 0.5067019161285791 0.08480356321395517 40.27407745993171 24.235884531968328 46.54124235095012 49.99761022884266 0.2721317045803151 0.05413202323462333 0.3078211084597007 0.050213231867176446 0.6789998637666006 0.08245687844999948 0.7680490262277941 0.02440090413928972
1230.0035323583197 0.2971 0.4203 0.9275 548.3308 2861.7091 0.5107511199465202 0.08075964385212402 40.34262984863238 22.560850703624958 46.14418317312833 50.004062799247926 0.28081427512897 0.05169592201428256 0.30513677139998313 0.04872846779303195 0.6987147019380636 0.06880811299706899 0.7592332981689195 0.028502772513106327
1240.0035323583197 0.2754 0.4348 0.9058 506.6542 2813.5474 0.5196645285445519 0.08041265934342534 40.535477187987915 22.158378242351684 46.431082577649555 49.87915004515131 0.2740949799347135 0.05188401347893624 0.30260085784792373 0.04862799965994815 0.69938086754547 0.07255883689098398 0.772116477770199 0.023552542396506768
1250.0035323583197 0.2754 0.4348 0.8986 484.2186 2901.6029 0.52677614919273 0.07809236821516226 40.671225923939744 21.389453485338187 46.2677108636113 49.92474186611703 0.27756586514735276 0.055785260356609495 0.3089039466962474 0.05237564221044748 0.7036249790541503 0.07872057252724741 0.7830665089473609 0.024966880104451934
1260.0035323583197 0.2754 0.4855 0.8841 458.0707 2907.3683 0.5242359386129002 0.08025279904200616 40.64392262961575 21.92695173836231 46.430893993850084 49.75345346623112 0.27906631041401686 0.054313235164669675 0.315665170796183 0.04984668582574317 0.6927264018937709 0.08322228846580997 0.7835757660765605 0.02245120316603329
1270.0035323583197 0.2899 0.4783 0.8841 433.2263 2866.153 0.5288517517804417 0.07616409536761028 40.672267746629636 20.337321555210274 46.190316787626536 49.02416487575559 0.2839581111005844 0.05727635727750739 0.3211985191137758 0.05278967066615597 0.6863900197466628 0.08462720328682702 0.7764083829921268 0.025348953760002135
1280.0035323583197 0.2899 0.4783 0.8913 493.5528 2872.542 0.5270070534130197 0.0786199724653397 40.68590466320546 21.53205286001958 46.59621138953826 49.61914108613097 0.27839453049648166 0.055344387449924363 0.3123450829960526 0.05145781671832854 0.6819876892398483 0.07958403233929816 0.7651569196349518 0.025209823258754375
1290.0035323583197 0.2681 0.471 0.9275 447.3691 2914.0891 0.52173324173323 0.07554178588020852 40.60692520422773 20.70559201174918 46.3018054333379 49.57461160232328 0.2803440524576158 0.0537639661542602 0.30224593155586704 0.05132547141906819 0.711477872836853 0.06264152879534989 0.7670620816522321 0.02460167293768149
1300.0035323583197 0.2826 0.4565 0.9058 449.1498 2805.1242 0.5268571154755024 0.0785834068239769 40.69695669962615 21.501090436207292 47.03075791859348 49.520801785403705 0.2702763703518749 0.0517317884516567 0.2983851128684699 0.04870041313972861 0.6810035067442222 0.06949016032037475 0.7518278714456212 0.023098270515311943
1310.0035323583197 0.2899 0.4638 0.913 427.2958 2870.6715 0.5290056421441977 0.07782618761254621 40.70624708073186 21.284277475124384 46.67581775639373 49.38695763266636 0.2709018879457743 0.0533583244507962 0.2990756842921348 0.050458292516812144 0.6787332897349582 0.07346662822877117 0.7493215518673938 0.027848909691566687
1320.0035323583197 0.2826 0.471 0.913 460.1778 2809.4757 0.5295480245316226 0.07865328448602585 40.714245822923736 21.564758133058103 46.884313043562514 49.50336279112284 0.27599303664452624 0.053250834356873965 0.3022780877535287 0.05035395630951493 0.6699741221014552 0.0681863967843144 0.7337811813492129 0.027537308207863875
1330.0035323583197 0.2899 0.4928 0.913 492.4882 2873.6096 0.5303531999108915 0.07917599368221305 40.72947438676439 21.66975872630356 46.68643001535601 49.065599406339466 0.27282482533647356 0.05134474051275835 0.2988081420351853 0.04844769680263606 0.6779568307085118 0.06968567186770665 0.7425241479188461 0.028049161834436988
1340.0035323583197 0.2681 0.471 0.913 467.9566 2869.4318 0.5333714041958381 0.08328083651330234 40.82721627454695 23.193359335862606 47.35616098732242 48.9485761974438 0.27121892475810383 0.05205600348310017 0.29471032768990807 0.049622470453031 0.6939866069043051 0.06682297130300098 0.754095683092867 0.026968981906446872
1350.0035323583197 0.2681 0.471 0.9058 443.3802 2792.3774 0.5538272012100209 0.08210305554722419 41.17332422186553 22.926095331131016 47.26217029588022 49.240854744773074 0.2740171405327704 0.0520195419922 0.30011401105970087 0.04911872524158882 0.6852473903741283 0.06950671038459826 0.7505090466002357 0.026808055480561022
1360.0035323583197 0.2754 0.4638 0.9058 433.343 2907.9598 0.5539214314383568 0.08222629604789364 41.182087485668646 23.091569696572385 47.23269879430994 49.461805847042115 0.2794270293060805 0.054213824165861686 0.30362937042707955 0.05153991371309041 0.6897204368085631 0.06720610416778786 0.7494600022014308 0.027945552301657465
1370.0035323583197 0.3043 0.4928 0.913 431.7539 2778.2018 0.5513756991023502 0.07938684638382565 41.103050731601336 21.928640085093242 46.886850180128235 49.42565886383573 0.2786682462538821 0.0536402657623069 0.3052080792304423 0.05062475845804867 0.6943251200718636 0.06742434890008893 0.7604513219834698 0.023209042671779388
1380.0035323583197 0.3188 0.5145 0.9275 460.3729 2808.6991 0.5529777665183887 0.0768194510549077 41.14673185189636 21.46635076430508 47.306807399196295 49.3787837175108 0.28329112856494637 0.05187291697774758 0.30542324798408277 0.04914450913257947 0.7101632213272375 0.06548500822321268 0.7656447229934279 0.027827707857070907
1390.0035323583197 0.3551 0.5 0.9275 455.5772 2745.2692 0.5591630236120633 0.07705015264599374 41.29658887267849 21.97489858623901 47.24184391971722 49.50837667020505 0.30026691037741615 0.056920794005501374 0.321215764589794 0.05414136399978608 0.7086101855982486 0.060979260689996234 0.7580481055237078 0.02749775965469912
1400.0035323583197 0.3551 0.5217 0.9203 416.7249 2769.4675 0.5537324506031753 0.0780419568122458 41.24063747973048 22.521166555767 47.39119974356909 49.36985657325717 0.30219441563631344 0.05803246843583803 0.32836873510087605 0.054435753948589814 0.6948999937491468 0.06556442544998449 0.7550881821841122 0.025480220498175703
1410.0035323583197 0.3623 0.5145 0.9203 425.9734 2731.6998 0.5557536532897976 0.07946704794133828 41.324921045930104 23.366417234320267 47.69485133026977 49.67505310751651 0.3058361827134851 0.05981939813682008 0.33232593082252715 0.056168629441668345 0.7039891881059505 0.06743705442293335 0.7649646295954423 0.02631016938282982
1420.0035323583197 0.3841 0.5217 0.9058 436.9631 2833.2913 0.5579658453934734 0.08119287575628667 41.414328333067395 24.464797789144523 47.983688691746224 49.83211707940135 0.31272300059618224 0.06479080296786222 0.34524619265818524 0.06026432643173343 0.6906780315120313 0.07407763980544511 0.7625085467892826 0.026630757467324212
1430.0035323583197 0.3841 0.529 0.8768 408.6423 2827.3893 0.5527444116696242 0.08479634798119925 41.37350254323528 26.178240383504058 48.250378474905894 49.73751685990833 0.3205103228493534 0.07119445888268656 0.36254446355090797 0.06524341304106533 0.6860416046250679 0.08500168160468412 0.7760142740840932 0.025844472189818123
1440.0035323583197 0.4058 0.5145 0.8841 445.4079 2872.2907 0.552616464580064 0.08730150214297507 41.40010138836117 27.381951172506156 48.67216858471774 50.23073485901485 0.31869291483051587 0.06866265434740164 0.36048870693943597 0.06255058262103996 0.6760721706283941 0.08383298268937359 0.7647373733337572 0.02655236473750105
1450.0035323583197 0.3913 0.5217 0.8478 448.0254 2880.3197 0.554890803712614 0.09073584306375482 41.55246520618563 30.34312553406812 49.507682303927794 51.759249412707725 0.3049595222427294 0.06825602239909541 0.3596958467478346 0.06075455968586972 0.6572562252550742 0.09754329291118571 0.7752252913264979 0.0229610043632977
1460.0035323583197 0.3768 0.5217 0.8406 444.1781 2915.3436 0.5510595188612281 0.09266912492350866 41.54785550857137 32.30618764026253 49.584316990099275 52.263934042755544 0.2930273185901829 0.06692455546403918 0.3516327823082194 0.059638507351097866 0.6456687370644323 0.10588191193658768 0.7748024844773188 0.026313244542937222
1470.0035323583197 0.3768 0.5217 0.8261 456.052 2837.4528 0.5552009002693701 0.09235076690334336 41.61386043096342 31.907553876816785 49.60095707255882 52.41711326252643 0.287107457930394 0.0653796485935466 0.34755113328416115 0.058072418763211064 0.6381084892209962 0.10778400063488615 0.7724471185306795 0.025988376597964942
1480.0035323583197 0.3768 0.5217 0.8406 419.2013 2873.8348 0.5565466493942487 0.08929543065063894 41.57697137290222 30.695512226709706 49.31309147373565 52.61653712186146 0.2883614826969604 0.06400163492626904 0.3460337792363525 0.0567826251850073 0.6356897709901876 0.10436968751223107 0.7628277251882252 0.027591633375339153
1490.0035323583197 0.3623 0.529 0.8551 442.0292 2714.5227 0.5495186253780151 0.08838214899174247 41.405354939544566 29.4301798775962 49.25081347597792 52.32101941432017 0.2902849633437894 0.062574290057344 0.3394858045884995 0.05642500214565757 0.6497772384228534 0.09598855711207566 0.7599089737487607 0.027991463555983587
1500.0035323583197 0.3551 0.5072 0.8696 455.9223 2856.3401 0.5514892009643391 0.08439355160904337 41.355823398805995 26.354098704030427 48.69798652938403 50.65490890968963 0.28819446474608734 0.057240757475871394 0.32868459615669465 0.05193047827316765 0.6691475124281704 0.08789653070634365 0.7631599728519629 0.02800410458876824
1510.0035323583197 0.3116 0.529 0.8768 449.7278 2754.635 0.5504862436344682 0.08097851719284568 41.248143372599635 24.109500646838978 48.08607971531117 49.57732204362463 0.28404345212867127 0.058830713984978605 0.32395038341947635 0.054129467225993336 0.6781241992743277 0.08840348330350466 0.773397847106258 0.026628839034666694
1520.0035323583197 0.3043 0.5217 0.8841 472.6816 2906.7383 0.54861917148329 0.07948901346505588 41.188202447123636 23.176087536516157 47.78006687514905 49.80830139279084 0.2799889111402604 0.058019008875741726 0.3141339003037068 0.05433847611067579 0.6746308417890048 0.08088122872239792 0.7569028956657127 0.02804326041095153
1530.0035323583197 0.2899 0.4855 0.8551 454.5375 2793.9679 0.556426355966718 0.08215902960729456 41.32234523948253 23.619598661315532 47.58233579567234 49.874323342605116 0.27239556632035994 0.060488232182775416 0.3185643063746582 0.05599468133463829 0.6444672992241448 0.09360243808619245 0.7536990448553558 0.026571335559772587
1540.0035323583197 0.2826 0.4855 0.8406 443.8556 2822.0219 0.5643683337154854 0.0761860294569867 41.37761370395405 21.526799399909834 47.139481856087656 50.06955766311393 0.2757879816684082 0.06301631042177219 0.32528838863453274 0.05818371841713252 0.633448279613823 0.09701006481662669 0.7471441246727143 0.028892745789053622
1550.0035323583197 0.2754 0.4565 0.8406 468.6325 2791.2844 0.5653244932188844 0.07570956415625005 41.39489205997298 21.98573661790125 47.6329336183428 49.83639447944892 0.27354386677642956 0.062034977424051174 0.3226414838901477 0.05728795970942497 0.6274761402341726 0.09623097219104138 0.7401000628403062 0.02958056416372834
1560.0035323583197 0.2754 0.4348 0.8406 424.6467 2749.8205 0.568078445354752 0.07483725017308145 41.41253204331289 21.500069610487554 47.55020495219259 50.35403676972213 0.2712428100388029 0.06330690232222405 0.32268541194271383 0.05867366490851785 0.6312722667730571 0.10236320225261893 0.7509963173679473 0.031251560533399864
1570.0035323583197 0.2754 0.4493 0.8261 477.1217 2767.8173 0.5704661938177517 0.07269487686801654 41.45566045998645 20.83125973848726 47.20321363249714 50.85763205462292 0.2689411999768748 0.06224766893040036 0.32556039997200636 0.05687231975453719 0.6101088996296126 0.10409543836277983 0.7385528784990046 0.030502041055198107
1580.0035323583197 0.2971 0.4565 0.8333 455.7139 2708.6821 0.5736883081641173 0.0699845460952598 41.521297409895425 20.1271473649974 46.920186980949836 50.7098493277048 0.27375407040198946 0.05939317255144415 0.3228894163715773 0.05414333195773764 0.6274001435511432 0.10035749298772871 0.7400104257269894 0.03447449090844194
1590.0035323583197 0.3116 0.442 0.8261 456.4417 2800.6311 0.5860887889582751 0.06616531711744661 41.723694855097186 19.204222309417947 47.10016418414145 50.875280973473835 0.2737437206666193 0.06211042997982533 0.33137397764906545 0.05603585675633647 0.6180149276037903 0.10670835442263016 0.7481233334151146 0.031173550886357284
1600.0035323583197 0.2826 0.4565 0.8478 438.3152 2848.7791 0.5823031702755191 0.06324149697744294 41.61474103286905 18.093871971688774 47.0034233157076 51.00171507199563 0.27637874182655225 0.060059396291808335 0.32598518266721543 0.0546218484874552 0.6258812219475995 0.1009906144269617 0.7382188771689636 0.035628708495177054
1610.0035323583197 0.2899 0.4783 0.8623 479.9595 2840.0163 0.5803050398353632 0.06354353639629501 41.61925029546166 18.586257583497975 47.266595114765636 51.19851367024631 0.28252350359191314 0.06271805871975891 0.33040884318376285 0.05748212619424292 0.6367038928625267 0.0982078828331428 0.7446198069070228 0.03395242181996303
1620.0035323583197 0.2826 0.4638 0.8261 473.6786 2862.2552 0.5855212570982797 0.06034107238868682 41.68774553193654 17.6476679871626 47.00200019493702 51.38634257766629 0.2799979898357705 0.0664061560489876 0.3359975878029246 0.06082310919033429 0.6206032725556543 0.1061800966840785 0.7447239270667853 0.034355936851679036
1630.0035323583197 0.2826 0.4493 0.8333 410.4581 2826.9503 0.5853700528153208 0.0615711800501153 41.68955119563392 18.11988911377896 47.39088757400085 50.83393546500091 0.2785351764262646 0.06564638189159967 0.331360813334694 0.06054826245117132 0.6235994599027476 0.10413215440868533 0.7418683229877514 0.035550209323819776
1640.0035323583197 0.2754 0.4565 0.7971 462.8937 2830.4415 0.5963251732549053 0.06016726988485899 41.864470660325495 17.878684288323022 47.13500506086583 51.16200178984096 0.2687073691495578 0.06727662500999707 0.33406862110485563 0.06175633380429032 0.6086796393029911 0.11887270242705769 0.7567368488631782 0.03499165275224737
1650.0035323583197 0.2826 0.4783 0.8261 450.8901 2828.0824 0.5853648063586038 0.058424353328406266 41.65567375734501 17.325527737228008 46.94163490173836 50.6836039007678 0.2703519365385957 0.06537503493945797 0.330164311878993 0.060043444280314974 0.6103218349598148 0.10981312763479097 0.7453487895969421 0.032784218412225855
1660.0035323583197 0.2899 0.471 0.8116 437.2082 2793.0947 0.5882205119648725 0.05704591000852873 41.723939990745514 17.34803708041569 47.18711198286501 50.158877581133375 0.2700509126918518 0.06593101193853095 0.3327413031381745 0.06032670475592346 0.614799458467017 0.11349811797107619 0.7575207613254317 0.030994909569253066
1670.0035323583197 0.2754 0.4638 0.7971 440.522 2759.8293 0.590676924788826 0.05846687144111649 41.77648949385523 18.30997318573429 47.62118861363403 50.55373767537307 0.267319139513473 0.06634451096797203 0.3323427139897232 0.06082250597977205 0.609877173846646 0.11653535908051484 0.7582256755931275 0.03163528932250567
1680.0035323583197 0.2826 0.4565 0.8116 422.3175 2794.1694 0.5860834854392037 0.06227337631594229 41.71281902980465 19.51797562314273 48.081585879439935 50.38982738332872 0.2684993638872452 0.06639232532530764 0.33082957336107 0.06113723233784873 0.6080622020132772 0.11442761375955296 0.7492194989092165 0.03451990602982146
1690.0035323583197 0.2754 0.471 0.8188 478.5175 2899.1346 0.5895443897415829 0.05947912675201696 41.7403731321175 18.33454089079863 47.575556734243825 50.08767040102939 0.26229138687723924 0.06262420728939376 0.32032045477043375 0.05784896420066806 0.6059806391877555 0.11279583875126047 0.7400471522823916 0.037872087050836015
1700.0035323583197 0.2754 0.4783 0.8333 426.3818 2788.0517 0.5858918786560142 0.05547630056920105 41.640116741056886 16.840980983491118 47.691050106140516 49.97792971923382 0.2613226972007861 0.05977048573219848 0.31358723664094335 0.055296183404525266 0.6183378488328702 0.10552103273093473 0.7420054185994442 0.03424342713928453
1710.0035323583197 0.2826 0.5 0.8551 485.6268 2909.0789 0.5798475295891387 0.054003602384877517 41.5500268022308 16.36862936063313 47.653191033140715 49.711900186739335 0.27028209916345436 0.06097254267853446 0.31609262444539576 0.056791066544063976 0.6278616974882747 0.09392770180179376 0.7342789343506941 0.031175921229227244
1720.0035323583197 0.2754 0.4783 0.8623 432.209 2722.5434 0.5680192560331722 0.05787489811397461 41.3913123504371 17.652562265047376 47.91666533046644 49.7243162587004 0.27048273429715436 0.05988994431988608 0.31366905321854877 0.05587223026630762 0.6254282356366003 0.09299209502225103 0.7252865253600912 0.03492574789996705
1730.0035323583197 0.2826 0.5072 0.8696 519.7836 2814.7927 0.570039225688354 0.05877812473446198 41.444375092705684 17.822629166194915 47.60639163436713 50.165986987571586 0.27792492036570693 0.06301748706071306 0.32229948748292064 0.05874126778693478 0.6221917750614563 0.09238443468200284 0.7215333189788317 0.034974217948367387
1740.0035323583197 0.2899 0.529 0.8841 414.8237 2803.3272 0.553289974843184 0.05887210537174388 41.12253999130419 17.011325539689118 46.634145626075146 50.168913681146385 0.2822910100195985 0.06296455616750798 0.3219517304355751 0.05900929040992432 0.6410392232602866 0.08785931368523366 0.7311025852059467 0.03391178006690738
1750.0035323583197 0.2826 0.558 0.8913 466.919 2835.9353 0.5513356286236343 0.05985081374154518 41.08592770673923 17.137837556034647 46.87229027158054 49.81729523756805 0.28560417303998753 0.0624976243106599 0.3230604580288383 0.05856112306813611 0.6404150974377649 0.08456812173467795 0.7244039626755046 0.03440599114208838
1760.0035323583197 0.2899 0.5507 0.8841 456.295 2803.6351 0.554775489050749 0.0609259921940887 41.177384588571876 17.912955364609186 47.43602163834394 49.927727159800426 0.2862286689612361 0.06330789809566281 0.32376685505451297 0.059425126805698426 0.6457809400128414 0.08373689926565628 0.7304735223096074 0.03243257151346675
1770.0035323583197 0.2754 0.529 0.8841 399.5161 2685.6266 0.5487794335209918 0.058946391380122455 41.097861347205345 17.222108390386175 47.138985353636386 50.286412184524316 0.2842784963245455 0.061700825244772745 0.32156092207202686 0.05777196175272685 0.6435719522962725 0.0847953055713502 0.7279748312859476 0.0340569415618432
1780.0035323583197 0.2826 0.5145 0.8768 429.1526 2809.064 0.5386458871396371 0.05887206707414415 40.9486714396742 17.191275640583303 47.465032669320834 50.81292883562882 0.2880115982548536 0.0630368666831862 0.32578361114073606 0.05896511900097861 0.6533631948980002 0.08273429616761661 0.7390501712780657 0.029824030391942598
1790.0035323583197 0.2971 0.5145 0.8913 445.586 2850.747 0.5394938314207134 0.05870241519485488 40.97290774304346 17.40388707618905 47.72992472791167 50.949235391664736 0.28653649303846623 0.061534024686214044 0.3214799677992548 0.05777397740722594 0.6567885924622329 0.0828655814425675 0.7368847622747003 0.033548541559940415
1800.0035323583197 0.2971 0.4928 0.8986 478.0018 2936.6548 0.5501314218472976 0.05659005630220604 41.109678097330665 16.374173992552727 47.45988635708769 50.6274376167144 0.28276471487910587 0.05803807201928441 0.3146897633331985 0.05451586674619485 0.6565016162552797 0.081070243824098 0.7306227664776499 0.03570287012182673
#####################################################################
# End of data export. Simulation finished at: 2024-05-19T21:28+0000 #
#####################################################################
