#####################################################################
# Alchemist log file - simulation started at: 2024-04-29T06:28+0000 #
#####################################################################
#
# Algorithm = ff_linpro_c, CamHerdRatio = 2.0, NumberOfHerds = 2.0, Seed = 93.0
#
# The columns have the following meaning: 
# time 3-coverage 2-coverage 1-coverage CamDist ObjDist NoisePerceivedNormalized[mean] NoisePerceivedNormalized[variance] NoisePerceived[mean] NoisePerceived[variance] NoisePerceived[percentile90] NoisePerceived[max] BodyCoverage[mean] BodyCoverage[variance] BodyCoverageOnlyCovered[mean] BodyCoverageOnlyCovered[variance] FovDistance[mean] FovDistance[variance] FovDistanceOnlyCovered[mean] FovDistanceOnlyCovered[variance] 
0.0 0.0 0.0 0.0 0.0 0.0 NaN NaN NaN NaN NaN NaN NaN NaN NaN NaN NaN NaN NaN NaN
0.003431540654631471 0.0 0.0 0.0 0.0 0.0 0.0015136308048153344 0.0 25.38799947096866 0.0 25.38799947096866 25.38799947096866 0.0 0.0 NaN NaN 0.0 0.0 NaN NaN
10.003431540654631 0.0 0.0 0.0 375.0 2529.8578 0.0019329417959815687 2.365223464438435E-6 25.274701213533096 1.4521617456834326 26.76182063812418 27.163807995469075 0.0 0.0 NaN NaN 0.0 0.0 NaN NaN
20.00343154065463 0.0 0.0 0.0 400.0 2394.5761 0.01206158203060836 1.4866207811952824E-4 27.18324846659517 7.2510959532398465 30.491194380516312 30.997216041865837 0.0 0.0 NaN NaN 0.0 0.0 NaN NaN
30.00343154065463 0.0 0.0 0.5345 374.7736 2340.5115 0.09170370465901394 0.010413326097952563 30.137599856246418 27.67424723050695 36.42848932545018 38.44551911743363 0.16954763342527307 0.02543965490690808 0.3172181528601883 3.483050993022058E-4 0.34301906697247525 0.11601728390860272 0.6417776091743086 0.02384134405800446
40.00343154065463 0.0 0.0 0.4828 383.4881 2329.1103 0.11607902150205289 0.025271575406708224 29.667423634683963 42.84301423734839 38.313160427715495 42.31491221452739 0.08587471154397093 0.008205904808771815 0.17788333105536835 4.934230624932878E-4 0.3127230784982399 0.11643253263511423 0.647783519746354 0.022456906605596582
50.00343154065463 0.0 0.0 0.3966 328.2925 2356.2311 0.08722348112956521 0.014846152059815078 28.543810874385073 42.82174005964988 36.8840944695091 40.18784650590702 0.06753388257607011 0.007026174902814876 0.17030283432226379 6.500668309542894E-5 0.2681288027531125 0.11777280473619625 0.6761508938991533 0.018959677074415114
60.00343154065463 0.0 0.0 0.3879 316.1345 2274.1169 0.09816071356991146 0.019017870475699097 28.328650575709425 52.08247855576436 37.31026180374019 41.73712134579336 0.06589892200320996 0.0069428618941762025 0.16987277671938564 8.237237549546287E-5 0.2629253338040661 0.11734473485651183 0.6777630826949259 0.019144715697878695
70.00343154065463 0.0 0.0 0.3362 311.4681 2316.5113 0.09939449114788435 0.015837138471131225 26.389720604900322 110.66172852808398 37.15401614308252 40.43988750493262 0.057062239860702725 0.006505433523476321 0.16972358522670555 6.301696243357601E-5 0.23124755423579116 0.11142214853403261 0.6878132382397891 0.014902687885251339
80.00343154065463 0.0 0.0431 0.319 319.4914 2381.7206 0.15991501919037812 0.01541539478770431 19.402622114026226 332.378522145838 38.34059502474361 40.214604432953 0.08224494947505 0.018866238816165316 0.24462600356681533 0.01632723577576387 0.22164743084804414 0.10560479621507417 0.6592590250864904 0.023501979956589418
90.00343154065463 0.3707 0.4569 0.4828 313.9741 2395.5917 0.28279714138931417 0.05203990168439096 21.220193931267033 397.12134292526804 41.17985989054923 42.213587855728115 0.24895342241156723 0.07094497809074413 0.49790684482313446 0.01700433198079708 0.2990285867555225 0.11886119075296087 0.598057173511045 0.057833997118209204
100.00343154065463 0.3793 0.4224 0.4828 259.6561 2284.6345 0.3489961600544264 0.07677643454653461 22.155871831790403 431.9271955907378 42.525173117314864 44.741508159022565 0.27700465661203166 0.09608665261892439 0.5737953601249227 0.027515015442862476 0.2944857970714271 0.11721419212554822 0.6100062939336703 0.049115285694171056
110.00343154065463 0.3534 0.4052 0.4655 287.713 2370.0987 0.3592880687227374 0.08874780101648491 22.428701309658667 444.95288323072225 44.532903244914564 48.0431098929469 0.27294708103304127 0.10461585902057687 0.6088819499967845 0.02734314758559443 0.30099518101702893 0.13284025047063674 0.671450788422603 0.04592172355656384
120.00343154065463 0.3707 0.3879 0.4569 272.4024 2381.1614 0.34878952809950026 0.08161179700319045 22.21727556052766 435.70989196381146 43.78610911023161 46.676876760634755 0.2736572418344186 0.1002446205635386 0.5989479255243879 0.02311588105414489 0.28639840004580347 0.12277336419151173 0.6268342340625133 0.05401739640517535
130.00343154065462 0.3448 0.3879 0.4741 255.8263 2474.7416 0.3260612750450061 0.06529862399889064 21.81491772072766 418.5753284897784 41.526333385908636 42.76569719397095 0.27177179177331223 0.09820702350883674 0.5731914153764404 0.033173980858780414 0.2766074627214318 0.1167515254100521 0.5833902850124743 0.06634905416341406
140.00343154065462 0.3534 0.3966 0.4483 283.8137 2388.7915 0.33187596172649936 0.06756605435815023 21.89984813481364 421.78446830087586 41.74610494755259 43.958756824017996 0.27711082820282723 0.1020125187752763 0.6065067183307161 0.021981849623902577 0.27734239035737984 0.1174049386751407 0.6070135336123785 0.05568232944205725
150.00343154065462 0.2759 0.3276 0.3534 243.5892 2291.5994 0.2940453003691737 0.05303028876530344 21.37420228917066 402.18429630446263 40.90058653959622 42.12824790662125 0.21870772104973105 0.09356417723362874 0.6187828205309464 0.015248421103467507 0.23773858212451698 0.11838920925939116 0.6726262323522919 0.0405392139097692
160.00343154065462 0.2672 0.319 0.431 255.5926 2409.6843 0.2562759416423543 0.047652965500405424 20.84410105627682 384.39460473725853 41.19480117190891 43.3694403602387 0.23963922926342332 0.09538699920860022 0.5791281373866063 0.032603002463809226 0.25665786728405005 0.12252706495858684 0.620256512603121 0.06947744551195396
170.00343154065462 0.2672 0.3362 0.3879 300.3739 2390.2524 0.3694895234004125 0.0932339439601438 22.54295807370789 448.78605033477436 44.3846520183985 47.75807806591893 0.2297115867446457 0.09455033305794312 0.59214542360842 0.02762907040854223 0.2463028449018492 0.11343415130565726 0.6349140001914335 0.04413335362668176
180.00343154065462 0.2845 0.3017 0.3362 240.1888 2419.8195 0.31791251802037807 0.06377416681944938 21.722202662486932 415.6041212430034 41.41426261644019 45.99934392181438 0.20683989448864185 0.08738016289446356 0.5998356940170613 0.0158821129904243 0.22217107034824699 0.1109100185973766 0.6442961040099162 0.048095168076091065
190.00343154065462 0.2586 0.2931 0.3017 264.4813 2364.7259 0.30572936567279657 0.0603116763994399 21.541562257775244 408.9828929646838 41.240342200038846 44.212162888336934 0.17720503603536134 0.07788636950803134 0.5873081194314833 0.015498294692311464 0.20741036710271235 0.10864449345394549 0.6874172166832752 0.02780419731583876
200.00343154065462 0.2586 0.2672 0.319 289.1156 2291.7398 0.3278754471356781 0.07102976312341067 21.86212015450777 421.3793657248473 42.075283320673 43.83492007219725 0.1759749830782275 0.07167670352789428 0.5517053523533618 0.015916667838565747 0.2069115842363348 0.10542374436486228 0.6486957776058064 0.04222609973455331
210.00343154065462 0.2414 0.2759 0.2931 267.5281 2225.2837 0.2804258404792338 0.05288336748058408 22.08329395880956 376.74046386974504 40.83765194246132 42.45434984143525 0.17372762335717373 0.08016067691516454 0.610678918467641 0.012901833832743 0.19648797629540204 0.1064383145251342 0.6906850075838376 0.03051151001185767
220.00343154065462 0.2672 0.3017 0.3103 264.6528 2401.8648 0.24628474977106188 0.06280616631042966 30.509899089221978 94.60210696240759 40.81204361360258 43.240394761779335 0.19291226506406725 0.08871150716720065 0.6216061874286611 0.017388191904339437 0.2177243196866096 0.11629962603521223 0.7015561412124087 0.032994008818703284
230.00343154065462 0.2759 0.2845 0.2931 263.7766 2376.1443 0.23929942085713235 0.06279248057758831 30.55825267750737 90.22761938826773 40.8318819420258 43.84171893685721 0.1913830263784726 0.0927043723670078 0.6529538547030243 0.012543377840134984 0.20045982434192802 0.10711781783797428 0.6839217536371661 0.03261953376827927
240.00343154065462 0.2586 0.2845 0.3621 280.9405 2395.1559 0.23906257611040402 0.0662121637561817 30.749319580897346 88.20045711936034 40.95110319981659 46.273110542350636 0.2146693211351092 0.0933152372310084 0.5928962202779205 0.03201906652144135 0.2129349798699256 0.1034540904059515 0.5881061348788422 0.06415417476318958
250.00343154065462 0.2586 0.2845 0.3879 260.6064 2404.2616 0.27120691922106505 0.08340837693821096 31.509643059911703 93.97315893224648 42.476243757622775 47.825677646880266 0.2119711799854421 0.08604059929226367 0.5464145972958063 0.037980783753543475 0.24884166191651455 0.11995800420991724 0.641458506273682 0.05595538251761143
260.0034315406546 0.0086 0.2586 0.4397 287.1816 2347.7955 0.30315078055920963 0.09674755336822209 31.857000292213296 100.15843062470287 42.94959729796253 44.56717415210956 0.1361423095914639 0.032812563467563165 0.31585015825219626 0.01908994238442976 0.329813095067794 0.1538931323661817 0.765166380557282 0.021261741551536567
270.0034315406546 0.0431 0.2328 0.4052 281.311 2376.7005 0.3797870858979313 0.14850202047079777 33.21408836922475 134.79590232417937 47.10513980390479 48.16935009266174 0.11072321727385823 0.02157380021823435 0.27327432348441605 0.00854778210378848 0.3067559008776776 0.14692759339261316 0.7570996702512894 0.018951796378341833
280.0034315406546 0.0 0.2069 0.4483 262.7705 2420.605 0.3608333101827667 0.13804259750283798 32.68162593999599 132.14662427353218 46.44024748683031 48.19393409109846 0.11475813326331925 0.019619634344480753 0.2511687445008497 0.008468607801456056 0.3254253035077038 0.1393594249595727 0.7122516076772386 0.02738265475790911
290.0034315406546 0.0172 0.2155 0.4397 294.2474 2340.0029 0.3559052130013341 0.12765151791224819 32.34104034507735 130.946963016692 45.15817397561003 48.33367801772247 0.12165747533730817 0.023580364726225878 0.2767111203750539 0.010471669676956402 0.31653490124134953 0.13927673316534653 0.7199617361567949 0.024075564112773083
300.0034315406546 0.0 0.4052 0.5 310.0606 2332.9136 0.3886121360074385 0.12718527906724403 29.794160237663935 256.4858423199293 45.589664125018345 48.25492365781042 0.1693155574462829 0.0315700471241725 0.34457201164506696 0.003364512278350298 0.36884945879485614 0.15501549323452524 0.750641003863216 0.026629349438287462
310.0034315406546 0.0603 0.4052 0.4397 246.415 2307.1188 0.4091367743323511 0.13251718637168836 28.47693906926272 323.29661567677186 45.45385442297053 48.306875916978925 0.1586081473608174 0.0333304090006575 0.36075578615401604 0.0022754917424532973 0.3202304755308208 0.14385843291000766 0.7283673561093179 0.027655343442600077
320.0034315406546 0.0172 0.4483 0.4914 289.5212 2358.9068 0.37311214760318184 0.12935416090684815 32.18541337789562 150.8241529117851 45.93462640130976 48.5157293048632 0.1986977354903296 0.04767667179262023 0.4115881663728256 0.010471255625045136 0.34175853893991404 0.14056125737081293 0.707928402089822 0.02996563664193351
330.0034315406546 0.1379 0.3707 0.4741 237.7497 2327.7665 0.34608137148250645 0.11235931848698466 31.327081204125502 155.09064721053625 44.64068250014937 47.44001408955492 0.20572352907439076 0.05551239898055849 0.43388962495689687 0.0173886349147321 0.37348261032153596 0.16602564823510124 0.7877087781326941 0.021241151455468035
340.0034315406546 0.1379 0.25 0.4655 284.4033 2401.728 0.3237799528853441 0.1034914113934304 29.20252874230536 220.29826368745722 45.085753050369014 48.145170471623125 0.19545716079591552 0.052126527586964067 0.41987093800604075 0.017102079679460407 0.32223258952339123 0.138660296600548 0.6922033404576552 0.039939710697613276
350.0034315406546 0.0 0.319 0.5086 316.983 2334.0853 0.3539893617653724 0.12338735103582885 32.30382145010293 129.6786606258477 45.609929180415314 48.48358733324467 0.18038037324240272 0.037094269954345845 0.34873538826864525 0.01259593140374162 0.3670775149714495 0.14153571460137673 0.7096831956114691 0.02861216140480047
360.0034315406546 0.0431 0.5 0.5172 160.4912 2312.2686 0.3311085649057367 0.11145205863780204 31.968171322119634 121.75217102066468 45.349549111205306 48.1867566469263 0.2523908855593421 0.07061183190953466 0.4879557120813947 0.020739805247162305 0.338639284619057 0.13433174192275243 0.6547026169301768 0.05139831990391194
370.0034315406546 0.0 0.3879 0.5 192.8682 2377.7822 0.34576321465427423 0.12112958234962494 32.228846099961636 127.75634297926138 46.193911933425426 48.41582059465698 0.20323306507186922 0.0506812284222043 0.4135971148831023 0.015517880645742412 0.3358444218731381 0.13723286740773896 0.6834728585488425 0.03998013350386222
380.0034315406546 0.0 0.4224 0.4828 203.9363 2372.5922 0.3397006554304187 0.11553175306566986 32.14635630534313 123.58523960416542 45.13723140594281 48.22392340880242 0.21993850097879172 0.06170253627423089 0.43987700195758345 0.02604438847108742 0.31790859286711226 0.12571340204634918 0.6358171857342245 0.04795438453956966
390.0034315406546 0.1552 0.3879 0.5345 230.2759 2318.7197 0.3414294347838075 0.11598061653311312 32.19684304267187 122.74406834787153 44.86952376155248 48.16456322042803 0.24908573510752605 0.06650251195149486 0.48156575454121703 0.01577159179595539 0.37873447744281613 0.1458438433667622 0.7322199897227779 0.021055805034755737
400.0034315406546 0.181 0.2241 0.4914 220.2635 2250.4516 0.2945329502546226 0.08499873129603047 31.33974348361035 104.17563343102093 42.33571408059392 44.492268337775876 0.1688886102066953 0.03486812970995211 0.36279775525882696 0.003980105264049485 0.2984001143514626 0.12071687575383792 0.6410076530512899 0.038175127915282256
410.0034315406546 0.1724 0.181 0.4741 241.6792 2246.8367 0.340080916586122 0.12202552033973581 31.77148306312495 141.49218996243607 45.523132945170715 49.066860002765715 0.16457923899753832 0.033431693048050874 0.34711257679480806 0.006664180604974846 0.30122604893766364 0.12693412561830986 0.6353131213957997 0.05414222038760471
420.0034315406546 0.0086 0.25 0.5345 313.5062 2395.747 0.3331411919104295 0.11300689922086808 32.06068839911982 119.5647515547949 44.993869482077 48.0360234132441 0.1773255367102047 0.031100542464902473 0.3317703590061894 0.006551952570443441 0.38638935443848726 0.1451780837138582 0.7229220179816859 0.026421205702931796
430.0034315406546 0.0345 0.2845 0.5259 238.3844 2365.567 0.35065215177007975 0.12023725733667634 32.3483567858531 122.2478581102706 44.690067977980995 47.3202166899834 0.17715997400733097 0.03456311840253227 0.34250928308083983 0.009775224030007171 0.36217906498814234 0.1363308058240351 0.7002128589770752 0.025022137467331323
440.0034315406546 0.0345 0.2414 0.5259 268.7828 2307.9296 0.28852781503876207 0.0808983785755273 31.37965362154879 99.58043792844988 42.248025008322 43.073739092375476 0.16902963020308823 0.037088392148521894 0.3214333951402989 0.021281964362136363 0.38527380126285216 0.14730650200717327 0.732651818794932 0.02358854022025476
450.0034315406546 0.0431 0.181 0.5345 228.9081 2417.6489 0.30093901113075827 0.09043178087562707 31.625622445687753 104.10483648396497 43.29162758114275 45.56642550558895 0.1704814620463168 0.03534276270138437 0.3189653160866573 0.01849218599211769 0.37939608386283014 0.1402655671361426 0.7098378343240047 0.02602978223878028
460.0034315406546 0.069 0.1207 0.4483 191.5888 2362.7275 0.30497206879328187 0.09498103516142513 31.728146848133623 106.86818587708909 44.038010052520015 46.60482054771806 0.1453350826012895 0.04024511725887823 0.3242090304182612 0.03161913582258801 0.3134322431803011 0.13419854253819882 0.6991950040175948 0.02759246756847898
470.0034315406546 0.069 0.25 0.5345 214.8853 2355.4649 0.3213566317962638 0.10223933327385805 31.922854945303296 111.13558694671477 43.97227487777687 46.68387634186214 0.19669321705170315 0.0563223779095072 0.36800666416125105 0.042103525694997694 0.38236721402965723 0.14532410318794906 0.7153967230232297 0.03181774202563679
480.0034315406546 0.1121 0.3276 0.5259 134.2548 2326.1215 0.2976603573175273 0.09230369959857053 31.54569642199921 105.4199390119149 43.177677540163714 46.52847143483746 0.22590486047606345 0.07092607719878412 0.4295895707413666 0.04698247359406064 0.3764861303404631 0.13963045263405727 0.7159408380244872 0.02054505485977479
490.0034315406546 0.0345 0.4138 0.4569 261.0234 2369.8199 0.28401458923410144 0.09057615126407884 31.28437239767852 101.8330319671642 42.59182235934068 45.651401344356856 0.16484413736351844 0.040887925350082704 0.36772922950323345 0.016128606422108914 0.3257210766399436 0.14709673848286975 0.7266085555814126 0.03468891726009014
500.0034315406546 0.0776 0.2931 0.431 247.1136 2414.6224 0.26552878327448554 0.08537961457309806 30.996115554660072 97.738368067754 43.082835215304 43.835861002364645 0.1582099686044096 0.044608637278872175 0.3670471271622303 0.0264763129061579 0.32222068741486404 0.1466540760711716 0.7475519948024846 0.019741946606254883
510.0034315406546 0.1724 0.2414 0.4138 232.8273 2412.6893 0.227276991138959 0.06960278117372101 30.33354561961672 88.85121847848828 41.95110576101231 42.86287096585997 0.18786548547845092 0.0697666548184872 0.45400825657292304 0.04730375659425147 0.2940822417176161 0.13518290007770223 0.7106987508175723 0.028378075420096873
520.0034315406547 0.0862 0.3362 0.4397 259.4049 2347.7145 0.23588494940676066 0.07209686904194526 30.48640073731673 90.52623566094384 41.87445731941278 43.70766301110193 0.18124397172923076 0.05499546165445253 0.41224119059981895 0.029358461902133492 0.3409948649310853 0.15768527022113715 0.7755961633726646 0.01885951984718687
530.0034315406547 0.1724 0.2155 0.431 225.401 2335.5865 0.24718247458323284 0.0828444415954203 30.67536005526621 95.20249734200652 42.870666944645954 44.67818901219797 0.17511115500253227 0.06132858346057848 0.40625787960587484 0.04811282014707485 0.3158135097442189 0.14583565496614573 0.7326873426065879 0.03059574042855459
540.0034315406547 0.181 0.2155 0.4397 221.2991 2353.336 0.3175736448568765 0.11728759003854765 31.898051320006775 116.09099626535895 45.06245601164338 46.52087578441019 0.1437212205314228 0.03741734805397718 0.32689532513029507 0.02498356687628245 0.3089555112943737 0.13425002570849107 0.702722339414654 0.026532137556147008
550.0034315406547 0.1897 0.1983 0.3966 243.9017 2313.0161 0.36663723234393786 0.14757726391601614 32.86714608033449 137.08473209482125 46.60407510310224 50.3079496517573 0.10678575697650079 0.021765263334199116 0.26928582194074113 0.010890954660093636 0.28460497902074977 0.13512508980318963 0.7176995123131951 0.02758056671577505
560.0034315406547 0.0517 0.3362 0.3534 290.8402 2345.2781 0.33510377116497747 0.14343239744371777 32.5193369501733 134.3180496291287 47.85192228487816 49.5456838675502 0.10878827970342093 0.023851404950954523 0.3004628677523054 0.007904524891282119 0.26139963247758535 0.13070347962537202 0.7219608896999976 0.025990173800994935
570.0034315406547 0.0517 0.319 0.3621 281.1874 2456.3957 0.3363079579256337 0.14386936984397986 32.53794581152039 132.87133229111103 47.591424374021294 49.40265256453495 0.10781057712689426 0.024238065205354674 0.30502504748096915 0.008025200452116747 0.2539517089045857 0.1284748198808514 0.7184975178763888 0.02724572120417536
580.0034315406547 0.0345 0.3276 0.3362 195.6384 2396.8386 0.3093924026846844 0.13403038611382317 32.051684881462485 124.72814687456543 47.7818326451061 48.68316392380098 0.1051140025549521 0.02403730337310553 0.3048306074093611 0.00843847510787038 0.2564770545874582 0.13514871941118461 0.7437834583036287 0.026771411382193345
590.0034315406547 0.0345 0.319 0.3362 197.3902 2327.1713 0.31567235935369714 0.1340167996479502 32.11705705698118 123.01506627177001 46.71330530373427 48.15733742895919 0.11139812708215385 0.027189908896009123 0.32305456853824616 0.010045546362141198 0.2555974905649756 0.13411816118954226 0.7412327226384293 0.026277936554854105
600.0034315406547 0.0259 0.3534 0.3621 200.8369 2353.1261 0.3249367416397452 0.1375259936176032 32.36659565265603 125.1404138833084 47.18735968846764 48.544628599353516 0.11306152113570805 0.024871936677221342 0.31226515361290796 0.006041216981933773 0.2651441670539675 0.13424132576073344 0.7323029375776244 0.02608486301853915
610.0034315406547 0.0345 0.3448 0.3621 268.9719 2234.2727 0.32056914315694407 0.1352596320724203 32.325568207544684 122.04337129718051 47.05063218596699 48.603965304213965 0.12336330407479731 0.029968699624019712 0.34071769696848786 0.008195803744095974 0.26273726363082905 0.1323549410250232 0.7256552995518136 0.0271273981673695
620.0034315406547 0.0517 0.3621 0.3879 223.6782 2262.6599 0.3376005397541888 0.14181598251727093 32.68191917454371 124.85939726500956 47.09273254160944 48.73798210303085 0.12978521086408062 0.030306908746837478 0.33455743244963004 0.00914616851832379 0.2763483371290516 0.13311365128672772 0.7123646023771107 0.03024897713457481
630.0034315406547 0.0 0.3362 0.4397 250.7868 2252.2122 0.3432422012425017 0.14212021144779333 32.98128405449812 126.18060272492484 48.41153878783596 49.73780416090822 0.12340317829514513 0.02191467501048272 0.28068173886738895 0.00537562825877337 0.3168765234914936 0.14311083488083962 0.7207387593139855 0.0322541701098465
640.0034315406547 0.0 0.3534 0.4483 293.0094 2331.5169 0.34308175745812675 0.13989907538452054 33.0271176645307 121.82058045813865 47.611420683566905 49.627938755040624 0.12646958738806616 0.022638811818902302 0.28765631641207207 0.004775558843407756 0.3071516266710742 0.13459596504008361 0.6986193861538158 0.030614014446773
650.0034315406547 0.0 0.3103 0.4397 273.3999 2324.9401 0.3426780957264718 0.13937401706979177 33.025156950739266 119.29342649545553 47.362743434670286 48.86886684302634 0.12480115211821363 0.022737737164160266 0.28386144403358393 0.006242689643038215 0.31361879565056283 0.14011910967664418 0.7133290254012801 0.031446545452660235
660.0034315406547 0.0 0.3362 0.4224 256.5978 2354.6082 0.3271255951487318 0.1349294316588384 32.81618289336354 114.2060562556483 47.372145662232896 49.02814269257635 0.12855927808203238 0.026182158514621925 0.31729523952161187 0.004268525888908823 0.2875904743915273 0.1333116701208052 0.7097977665833439 0.02708256068138789
670.0034315406547 0.0603 0.3362 0.3707 196.8002 2336.8476 0.34006832161122447 0.14086752853354303 33.07177074810492 115.1639910487219 46.67251648527641 48.71824048151184 0.1285648384537217 0.03212056265130757 0.3468260758286446 0.010448121450896849 0.2692057444009976 0.13382697516348718 0.7262294500119936 0.02662445109436653
680.0034315406547 0.0 0.3276 0.3879 262.7622 2343.8541 0.31944814313029 0.13596685841776948 32.816183989257006 111.81864002372107 47.20424052842638 48.54398992271169 0.13250209893554316 0.03109994634321438 0.34932371537552287 0.005671925437532279 0.2750720764454513 0.1373895306370604 0.7251900197198261 0.03342488968020264
690.0034315406547 0.0431 0.25 0.4483 323.8667 2334.9782 0.33057312259034743 0.13651897879533526 33.11035984971163 107.75735203009484 46.08262404081336 48.33997605905411 0.12784862531670482 0.02360256501880124 0.2852007795526492 0.007464572753693748 0.33853117533963417 0.14973913570017702 0.7551849296037993 0.016826814297979397
700.0034315406547 0.0431 0.1983 0.4828 252.99 2294.7646 0.34227447792874455 0.13894859153153052 33.41204603845858 106.5091912219965 45.99614779573482 48.397432549369135 0.12450047705932475 0.01919441877248106 0.2490009541186495 0.007180971568901469 0.3531441603108817 0.13888523488332136 0.7062883206217634 0.02640963943907638
710.0034315406547 0.0 0.2328 0.4828 224.8068 2322.2767 0.3485317749199956 0.14524590417272976 33.720287430783536 110.58050043623454 47.8236796806373 49.11545965508491 0.11917122476765112 0.018687960317488154 0.24685467987584872 0.0069824902560956074 0.36526044471156177 0.15429974671575755 0.756610921188235 0.021143061445486527
720.0034315406547 0.0086 0.3448 0.4224 280.7133 2240.4161 0.3293738036170917 0.13903785963718276 33.53527857974252 104.73848368598458 47.96145243061162 48.937123260135905 0.1220096503051103 0.02273542871810663 0.2888391721508734 0.005279503219785503 0.30701397456585083 0.14032201845007403 0.7268085928497693 0.024721368073277985
730.0034315406547 0.0 0.3362 0.4224 257.6115 2256.5389 0.32509534533114537 0.1354621303368131 33.57368050508112 100.56863619276226 47.80264633006987 48.94696368278978 0.1207784197118099 0.022746523060900716 0.28592442217489694 0.006293867935306621 0.29802150673352157 0.13597261726915108 0.7055203016548675 0.032279500475502425
740.0034315406547 0.1034 0.2328 0.3793 319.3142 2314.8827 0.3066393851091689 0.12623965278411603 33.22365447975809 89.74709439917414 45.31612264772927 48.78001367217253 0.11645189114221209 0.0238658530316939 0.29366129070644786 0.00779453805739525 0.29688338224652355 0.14474741723743248 0.7486624421868855 0.024163829388617483
750.0034315406547 0.1638 0.1897 0.3707 244.2422 2322.9731 0.3026446056766474 0.12357072956940736 33.2057938553038 86.45137915158641 45.63902168892309 48.27416463660797 0.1081405661519274 0.0223611832785965 0.2850978562187177 0.008179761378248952 0.2640084593165496 0.1261757360090442 0.6960223018345397 0.029762646532902993
760.0034315406547 0.181 0.2155 0.3621 280.918 2276.6702 0.2758593125760268 0.10718439880808198 32.80225430660321 75.74948416261181 44.33677941398036 46.84781485650744 0.11920180559154887 0.030476716744744916 0.3292240344909445 0.014652660325414664 0.26537605598159947 0.1346653690868551 0.7329433927110843 0.02666100147916435
770.0034315406547 0.181 0.2155 0.3707 307.6196 2280.7383 0.24264981369716968 0.0888591880923668 32.42513893996982 63.33149499454805 43.62100876965761 45.130518590902476 0.16139780952591964 0.06190455650910178 0.42550331602287905 0.05056749236267322 0.27248090254719287 0.13373745206834256 0.718358743078963 0.029920841949956544
780.0034315406547 0.1724 0.2155 0.3793 155.4812 2318.0491 0.24269570029136087 0.08791856775383548 32.70983150171672 59.446083201574474 43.393945489122885 46.42188161116282 0.1653940795310433 0.06650172254440469 0.43603893694547774 0.05709729005277943 0.2710945630263416 0.13223736714767365 0.714703847978537 0.029235573302127067
790.0034315406547 0.1724 0.2155 0.3966 264.9708 2353.8143 0.26042519668697545 0.09605266547850305 33.28662481078304 59.25009249488306 43.946066771374596 46.896815856907345 0.16484083175235584 0.06280594414865634 0.41568557572333215 0.053914370080380365 0.2816850509267015 0.13281863060853097 0.7103362153803776 0.02817257799257649
800.0034315406547 0.1638 0.2241 0.4052 211.7781 2375.8249 0.256298627094923 0.09301730161505485 33.35263195253694 56.051049375100376 43.75359272287837 46.78610989416696 0.174035559311258 0.06650882216689073 0.42058593500220687 0.05683244203205359 0.29793930948167013 0.13893858371067805 0.7200199979140361 0.02958347615544451
810.0034315406547 0.181 0.2155 0.3621 247.8814 2350.4485 0.25581021883772515 0.09564321531327759 33.54140964064471 53.86357798776043 44.41346003527348 46.63554135845442 0.15535873707668063 0.061483952879251444 0.4290860357355941 0.05213773170826705 0.2618811958297824 0.13056809308497488 0.7232909218155895 0.024354271487027134
820.0034315406547 0.1897 0.2586 0.3793 207.8411 2317.8009 0.2759697251044543 0.1064317463136779 34.11462344143606 55.67701087860333 44.88691657056312 47.24278640686529 0.15739058320973454 0.05749827701846383 0.4149388102802092 0.044422433492691954 0.2643319535433059 0.12648708635608719 0.6968751502505337 0.029840844240963393
830.0034315406547 0.0 0.3534 0.3707 280.2885 2358.3906 0.2824733108251362 0.10377074669529307 34.51377750220677 52.39769827462749 44.64751489652724 48.48357969781076 0.13551290818076955 0.03318649248047554 0.365569705789983 0.004763557502959493 0.2605343959394346 0.127145597770504 0.7028369750924283 0.029868563116351395
840.0034315406547 0.0172 0.3534 0.3793 230.2914 2344.4097 0.3284215733894545 0.12843265799571166 35.53923018687211 60.71798482298966 46.639362304473806 48.35189423721146 0.1282998925291096 0.03109537679513645 0.3382451712131071 0.010497612910492947 0.2622679004113898 0.12487400440266651 0.6914335556300277 0.030324906252410723
850.0034315406547 0.0086 0.3362 0.3707 255.9332 2401.0661 0.3250477582403377 0.11951665387476977 35.72998119848124 52.68100861206696 45.72406870564285 48.468234023569245 0.12250861261539188 0.029444687076896826 0.33048835031128976 0.010250932291513795 0.27438059780201934 0.1387774043826436 0.7401895196519591 0.026989656502732388
860.0034315406547 0.0086 0.3103 0.4397 169.7332 2392.0461 0.34446053025375756 0.1168685449881062 36.43280714825189 48.18810303945944 46.17388576038706 48.78279533357354 0.13843832374869078 0.029821716611132355 0.31487932460486534 0.011921172559761696 0.31106973007727406 0.14136603536041759 0.707531150763996 0.03902290001271493
870.0034315406547 0.0172 0.2155 0.4397 248.2751 2290.2561 0.3107201110015059 0.10033088865293703 36.01294252512913 39.495861626314266 44.808272747827765 48.26676127556464 0.13289502406665044 0.027453208452358508 0.3022710351319892 0.010920968005352433 0.30698542782342225 0.1337426292772342 0.6982413652454309 0.028953145833595602
880.0034315406547 0.0086 0.2328 0.4655 277.3471 2343.5943 0.3202097305726274 0.09632347547599743 36.34273981702671 35.97053549823654 44.790969246952315 48.26115214568392 0.13835098683181005 0.02686608128353491 0.29719841615722153 0.010194383201395383 0.34866737349309906 0.15262725768380586 0.7489891726888794 0.025678362291192688
890.0034315406547 0.1293 0.1983 0.4138 276.8795 2351.2974 0.3371933122894944 0.0942640457391981 36.84432797770339 33.08376675165362 45.06678649915345 48.310833186569546 0.14554106182454482 0.038187147270341545 0.35172423274264997 0.019374048755311797 0.2806657612089416 0.12869347341840545 0.6782755895882755 0.03946118055643613
900.0034315406547 0.1638 0.1724 0.431 201.0206 2332.5765 0.314889333754075 0.07654349897395228 36.59264163501939 23.90178190172488 43.752458592505526 45.4103423920305 0.15492121205051237 0.05215795398977263 0.38235873612466875 0.0415416667166282 0.2757671799256021 0.12742168555418576 0.6806168696036137 0.03701652177489491
910.0034315406547 0.1724 0.1983 0.3707 163.0143 2330.7798 0.2898507185733768 0.05814501324710332 36.4114355697374 16.795125835376812 42.318764588682434 45.389708163775744 0.17017392837488712 0.06874799102081304 0.4590738532903932 0.05245437362628627 0.2554030344311828 0.12453156534773345 0.6889942324190047 0.035124550605126655
920.0034315406547 0.181 0.1897 0.3966 189.7601 2351.2471 0.29793828321690546 0.0631574475543083 36.57219038830448 17.515654831433523 42.74672463083834 44.605326717402775 0.16173484835605242 0.06295724959050748 0.41691649798449065 0.055739975359627866 0.26622250608535886 0.12720684993355058 0.6862624601311473 0.03766348619546908
930.0034315406547 0.1638 0.2069 0.3707 222.5138 2283.4655 0.2928539455634284 0.06224614575860751 36.56016940284678 16.55579837937219 42.92189000732013 44.52864574063859 0.16250400721116662 0.06792960696511942 0.44882059134512686 0.05889522194307484 0.2465191232407466 0.12019829703743308 0.680862340379205 0.034200748942888146
940.0034315406547 0.1724 0.1983 0.2845 196.8323 2371.4895 0.29968128043209596 0.06797826019948311 36.706115382091234 17.788992285742676 43.43316825456934 45.00222929652048 0.14226161750900984 0.06554599861822409 0.4853631656189748 0.056842691558647844 0.22098555233439923 0.12572558564940883 0.753950707964421 0.024128510055238386
950.0034315406547 0.1552 0.181 0.3017 276.2173 2369.8619 0.31792710940742885 0.08624910093130168 37.03024431117034 23.95734223802475 44.90708735948369 48.233620872063454 0.12700810784767794 0.052206727342924204 0.4209411574380183 0.0492139856118158 0.22809869513542225 0.12828307037572054 0.7559842467345422 0.023088013386413545
960.0034315406547 0.1724 0.181 0.2845 235.5169 2428.8669 0.3225108779113028 0.09129436732182343 37.052294072829866 26.003569666037027 44.49118954050929 48.18303180461313 0.12274676131146099 0.05201330582056624 0.4314734640039235 0.049552707331395496 0.22357783590151528 0.13259376175299062 0.7859099686235083 0.020755701616793652
970.0034315406547 0.1724 0.2586 0.2672 188.9905 2363.9141 0.310815647309587 0.09217970497753442 36.76516311742459 26.45816304607093 44.73574520371457 47.916190175616734 0.14602457437419053 0.06299772944578358 0.5293390821064408 0.024252635370026372 0.21790174148880032 0.13691192845115377 0.7898938128969012 0.04151147833805639
980.0034315406547 0.0431 0.3103 0.319 225.4754 2388.115 0.31208679943992773 0.10037493910327358 36.57162518869842 31.204559664499044 45.0404057232877 48.00887571304207 0.13111899829674736 0.03958928788692503 0.40025799480059726 0.012411264178159388 0.24640274058331682 0.1342639929335162 0.7521767870438092 0.026593575469081292
990.0034315406547 0.0345 0.3103 0.3534 174.5095 2354.5022 0.29569018609047937 0.09984153970011535 36.0413432688217 34.638289273390825 45.45412835975765 48.31839665169559 0.1447748875475202 0.0490242762793923 0.43061248603877805 0.022038617248231748 0.24809742361164241 0.13243722251763043 0.7379307984346287 0.029821536515482736
1000.0034315406547 0.0431 0.3276 0.3448 182.1695 2328.5669 0.296994656574295 0.10655375508394635 35.74377136491792 40.07553439134373 45.34668093178855 48.17535932399093 0.1496771119890495 0.04928518372287542 0.42347670709096935 0.022848458493250234 0.25119742599614 0.1307997473793054 0.7107049125744448 0.04131068993766791
1010.0034315406547 0.0259 0.3276 0.3793 126.6103 2311.5565 0.2958893961205672 0.11043381463101537 35.48596541714522 45.36896448308218 45.344586221599265 48.4665015385239 0.15714663748751456 0.049476206101579184 0.414295680648902 0.02330677292167749 0.25109674520722663 0.12297401508218776 0.6619823282735974 0.05055944087044283
1020.0034315406547 0.0 0.3276 0.4224 249.8331 2287.3022 0.31601870963595396 0.11800856685155289 35.33089016017227 54.06553219900415 45.534002767498784 47.7801735085627 0.14520034627180883 0.035103161733691914 0.3437395952557107 0.014433736376202278 0.2952536303105286 0.13731643815846445 0.6989677778779861 0.04092530286854086
1030.0034315406547 0.0 0.319 0.431 260.2913 2353.1115 0.32762352123720806 0.12046296153385741 35.09418410724845 62.21819209795614 46.06221133960562 47.94389219320998 0.14057745652661077 0.03211316557109342 0.326139699141737 0.013613333505052685 0.3039855855930334 0.138599612690525 0.7052465585758375 0.036521621327849633
1040.0034315406547 0.0 0.3362 0.4397 234.6317 2323.2862 0.34079461089089724 0.13144130173621515 35.01421419609788 73.52561554792611 46.613177897716206 48.93233719521898 0.1386414673926329 0.029682350248925453 0.3216482043509083 0.009597568618143183 0.28515552641645103 0.12505387812919697 0.6615608212861663 0.03939686090477843
1050.0034315406547 0.0 0.3707 0.4052 232.9707 2334.4009 0.34133878070228807 0.1309769106773062 34.76726426195369 80.86786287496078 47.24866393139236 49.83327794860643 0.13364492332143382 0.027908510428015836 0.3163839001078842 0.007843976261003702 0.27295884740215554 0.1160953061196471 0.6461882918091845 0.03194399675375537
1060.0034315406547 0.0 0.2845 0.4483 193.5747 2301.8081 0.3189148999158456 0.11987745751198244 34.279576279484445 77.0375587155561 47.08260095064468 48.63976131804642 0.13554512717000658 0.02790344197467231 0.30236989907155315 0.011487662276020143 0.30199212202800796 0.1299405424016641 0.673674733754787 0.037700329066326366
1070.0034315406547 0.0 0.3362 0.4224 159.0514 2388.3053 0.33148059504880356 0.13041627695636807 34.13936993647859 84.75985062160018 46.580692325450684 47.99049579386328 0.1402195732392619 0.031166367385056015 0.33194837746437517 0.00969943835357486 0.29935814017658147 0.13783277440193883 0.7086845767445602 0.0340976201290764
1080.0034315406547 0.0 0.3276 0.4483 236.7351 2317.2269 0.34327428404156585 0.1389913294627752 34.09047237545904 95.78741791611664 47.22457055203766 48.46552461244819 0.14307951883295894 0.031197042149406617 0.3319444836924647 0.00924542213852156 0.28558644344339273 0.12631151276097566 0.6625605487886711 0.041579907381181544
1090.0034315406547 0.0 0.3362 0.431 274.2229 2380.0545 0.32009058961257514 0.12887477370944067 33.59636837299006 92.11194266025791 46.97576434202785 48.75495093302866 0.14445012557196746 0.031220203870105656 0.3351242913269645 0.00806829002881581 0.2959164433117466 0.13183504503702342 0.6865261484832521 0.035772272585287083
1100.0034315406547 0.0 0.25 0.4914 213.1071 2321.669 0.3369553818992802 0.13014991564457357 33.65009333921012 99.36753667476682 47.57603780178334 48.76707456298408 0.126860285749631 0.020038318736442417 0.253720571499262 0.00767643738658641 0.3573309218466171 0.14152733496677697 0.7146618436932342 0.02568664117684158
1110.0034315406547 0.0862 0.1983 0.4741 214.3005 2312.3292 0.32511739358830183 0.1310313105850367 33.37130850146418 99.3593794657659 47.10075995691953 48.565167797146785 0.1307422854732914 0.02400852120406446 0.2808537984241074 0.00913911234147911 0.3386961715217841 0.14501371429961651 0.7275695536393881 0.02638161810906638
1120.0034315406547 0.181 0.1897 0.3793 213.1659 2365.8088 0.21782673781971276 0.06310559302093302 31.36179658134356 64.4986693136459 41.04983450229061 43.05215958218841 0.1577351214211233 0.05519861840149585 0.4158471382920523 0.03779290229979404 0.267036202535846 0.12884490207284374 0.7040045339581393 0.029803384456062162
1130.0034315406547 0.181 0.2155 0.3879 195.8199 2333.8342 0.22082217176726837 0.06850541012176954 31.18163336153152 69.51013228132543 41.49335441451288 44.27558840819454 0.18444012473579927 0.07496513356917557 0.4754456548745048 0.05442979982397068 0.27355098989177595 0.12983601697162175 0.7051536628321337 0.028080970333978442
1140.0034315406547 0.1983 0.2241 0.4052 275.0962 2228.2893 0.24328818707800348 0.08063290018884692 31.337861867352487 79.05049264074553 42.18030107224296 45.738644066899965 0.19195792611686363 0.07876973275981125 0.46389832144908716 0.06389765971904127 0.2693060011783175 0.1213910658567497 0.650822836180934 0.04343784851876035
1150.0034315406547 0.2069 0.2328 0.4052 246.8379 2229.9203 0.26926667872664195 0.09689734862701846 31.574823062235833 92.03174819710787 43.07462530211946 47.0419010857136 0.1820204578097429 0.07328518122187587 0.44924198097723783 0.06055610648744087 0.2646331177012317 0.11865843822888475 0.6531370564541039 0.037383552268728845
1160.0034315406547 0.1983 0.1983 0.3362 230.2923 2272.6804 0.24006427811701966 0.07938650661959559 31.000086793491775 83.46602016145235 42.22348618422501 43.8936164839248 0.15227252638359962 0.062190033913004074 0.45291315539737315 0.04845931996925188 0.24111910284259902 0.12462877848899745 0.7171747674292688 0.026766321458809816
1170.0034315406547 0.1897 0.2328 0.3448 156.1162 2308.9757 0.22123502067805828 0.07120979403730081 30.590779885705274 80.37170045020402 41.88452102474608 43.24828501270871 0.1752406785007385 0.07813871462135942 0.5081979676521415 0.05686214038430638 0.25162913205936505 0.12929677130736578 0.7297244829721586 0.023436240771739753
1180.0034315406547 0.1983 0.2328 0.3448 171.7324 2129.8948 0.2160201884988128 0.06940700135913422 30.403696778842733 80.84716746433007 41.775814853230244 42.97781435642017 0.17418257182420688 0.0790234797564769 0.5180814956822564 0.05629371282618097 0.2385022444352866 0.12286401229169755 0.7093912911408524 0.02899006445552399
1190.0034315406547 0.2069 0.2241 0.3534 192.5521 2281.4916 0.24579197415121246 0.08483972071327336 30.762815341661938 92.36182860180709 42.77961213457921 45.18473466859792 0.16616573520306194 0.07037733057850946 0.47012744594037026 0.05586156411230311 0.24769507890911646 0.12215642779645203 0.7007958330111587 0.02573033149565098
1200.0034315406547 0.1379 0.2586 0.431 197.9103 2253.4481 0.2546817225471428 0.08543553065394371 30.481642960901393 111.57845838164245 42.91270909049492 46.68449098473101 0.19312334450214344 0.07391649452871378 0.4480461592449727 0.056929336088366665 0.3139028151550784 0.14493535360642074 0.7282545311597819 0.03224265165358327
1210.0034315406547 0.1983 0.2155 0.4052 250.3895 2217.3356 0.27732777043109585 0.09662891463420813 29.472965211294134 169.12102283491603 43.72606035739555 46.968069688217405 0.17141514267717542 0.0666743376656901 0.42306716065005 0.05790566760694142 0.27332274315354005 0.12404719602050021 0.6745837916129924 0.03354935143538235
1220.0034315406547 0.2069 0.2414 0.4138 155.518 2340.6319 0.2881344906112726 0.09790856175788472 28.296678347043226 219.6942769461632 44.14033116410514 47.20625354554893 0.17429489395295075 0.06643043478597839 0.4301746318838784 0.05361022419677098 0.27183897712702765 0.1246166338203598 0.6709217307816001 0.03796756900895134
1230.0034315406547 0.2155 0.2241 0.4138 199.9603 2263.9488 0.3009488810580187 0.10007078293355917 27.037343687692072 274.62647291321133 44.814860447383715 48.24948376263829 0.18338021534009735 0.06739793414251943 0.44316885373856857 0.04733002633848381 0.2868068511870627 0.13147627183387964 0.6931165570354015 0.03408536190059821
1240.0034315406547 0.2241 0.25 0.431 238.5783 2323.879 0.31975526495122475 0.10159734127359626 25.17250496737076 349.92742432753846 45.26695220046642 48.439330477437665 0.18745864889763597 0.06702724914239831 0.4349040654425155 0.047497607547991344 0.29868632874559997 0.13338763363249145 0.692952282689792 0.03426945365534032
1250.0034315406547 0.2328 0.2845 0.4569 124.8543 2312.5553 0.33386996541481634 0.09869517301899591 23.19270442237069 412.1970463917561 44.630362675212496 48.42779032361279 0.20900107233547585 0.0714057189519282 0.4489652664984296 0.04516860201545954 0.3223627716094874 0.13611876950057958 0.6924829908648248 0.03421420465008816
1260.0034315406547 0.2328 0.2931 0.4569 188.7244 2345.765 0.3543864205536847 0.10293423557517278 22.464367916293785 450.51639079515223 45.64393264402223 48.80758252387202 0.20691917344180452 0.07102151219662123 0.4528797003631948 0.04353415051432307 0.31431822285161454 0.13391588870337007 0.6879417707695714 0.03418598476202734
1270.0034315406547 0.2672 0.2931 0.4655 98.1939 2288.1482 0.3470716059851131 0.09908522646640376 22.332239604844325 445.0819035190944 45.31938383807422 48.43739002760656 0.21874140465219666 0.0760539841233056 0.4787547724463172 0.04131977337351118 0.3153662753632858 0.13077888016543035 0.6902356215498331 0.025498420813014587
1280.0034315406547 0.2759 0.3017 0.4655 96.9349 2325.1828 0.3482298743072242 0.0977523369188726 22.33742592533138 444.7141624194167 45.23613768687806 48.5700079038883 0.2272111279927071 0.07903663932592433 0.4880831638361856 0.04176494523573988 0.32172191938769434 0.13164084478444282 0.6911063453513434 0.02553519688130383
1290.0034315406547 0.2845 0.3017 0.4569 69.7605 2323.9449 0.3511292111626218 0.09887745470190039 22.373023535395948 445.87042659194867 45.35549589947362 48.36092211220923 0.22570031338921215 0.08116002652240457 0.5034853144836272 0.0404048682561569 0.31961701815473254 0.13775727273374813 0.7129918097297879 0.024656669175055424
1300.0034315406547 0.3017 0.3017 0.431 75.0327 2297.9027 0.3530042068952081 0.09841516918286346 22.390339069707746 446.14780598002324 44.87083989149404 48.58183545954159 0.22466204140715412 0.08466265503427399 0.5212159360645975 0.04097499059321294 0.3125049020471646 0.13795271734526326 0.7250113727494218 0.01859119112473781
1310.0034315406547 0.3017 0.3103 0.431 94.3952 2276.6118 0.3562644846755359 0.10010366060175353 22.43597085576181 447.9128129017286 45.01127499521393 48.15952056959879 0.22575119396426838 0.08594298837349566 0.5237427699971027 0.042446877338572525 0.30551056352921613 0.13300444165442885 0.7087845073877814 0.020485604250067034
1320.0034315406547 0.3017 0.3103 0.4224 177.8961 2363.7054 0.3606977685283307 0.10319370737716681 22.506928850428356 450.92452406345586 44.780630740237484 48.027884285367406 0.22190838220200662 0.0862865901322108 0.5253341292945463 0.044007556940381394 0.30290539693164437 0.13512275869803372 0.7170821641647092 0.020545362357430482
1330.0034315406547 0.3103 0.3362 0.4569 195.018 2320.9065 0.38295403669838063 0.11378886830703228 22.899344806839576 466.6473864187031 45.883142487769796 48.48262599655055 0.2272222633530086 0.08192044461417997 0.5068804336336346 0.04018984098699988 0.32452258352792007 0.14119066203673977 0.7239349940238217 0.023552898861661512
1340.0034315406547 0.319 0.3362 0.4483 157.0638 2296.2248 0.38770224101499606 0.1181940112626942 22.99248415065877 470.88575942660043 45.99049524717849 48.372214974748864 0.22635984524188177 0.08260287485676138 0.5049565778472747 0.042823715065554394 0.31765392099301343 0.13700626589684797 0.7086125929844146 0.026465336981174075
1350.0034315406547 0.3276 0.3534 0.4569 144.0226 2218.0382 0.38838001022468155 0.11995791940473367 23.009800801725337 471.97026944986806 46.36132990824396 48.503094045123596 0.2348101672938753 0.08381719964454043 0.5139241397375384 0.0391630254951889 0.32311645464473293 0.13596823387665743 0.7071982780903588 0.023853474498621813
1360.0034315406547 0.2931 0.3534 0.4569 205.1167 2323.2458 0.3875623991647106 0.11871251055586646 22.986361649236958 470.7694804101283 46.09361875886557 48.6468494422989 0.22232606553933404 0.07585059397609767 0.4866004453313726 0.036677474418036336 0.3288304616793341 0.14099296001858816 0.7197044066943917 0.025087774338493282
1370.0034315406547 0.2931 0.3103 0.4224 246.3385 2212.4949 0.35663608006393444 0.10846439989784865 22.45212435871641 450.78336063197037 45.22881419494978 48.70090904722868 0.20370973083660862 0.076330611969636 0.4822516076948286 0.04574967183693279 0.30074233342487805 0.1332332418519444 0.7119614423935889 0.020333072184922404
1380.0034315406547 0.3017 0.3276 0.431 244.4485 2298.6843 0.3757157142487328 0.11756721606932422 22.798851851629493 464.55156426909537 46.018091525652125 48.448513177108396 0.21923684500691457 0.08125226646010379 0.5086294804160417 0.040496517422311494 0.3095194573766134 0.13696385362441232 0.718085141113743 0.02207338436279428
1390.0034315406547 0.2931 0.3362 0.4569 133.1471 2265.4384 0.37531796295066167 0.11665945088297217 22.797900972014503 464.4069817048984 46.104431932903516 48.53473276809816 0.2306386485068503 0.08422345100390842 0.5047940231470686 0.04521002221638438 0.3172037164286071 0.13267278621190703 0.6942571906739325 0.026604805171323624
1400.0034315406547 0.3017 0.3362 0.4569 186.8727 2342.3983 0.3769032282106777 0.11784529351870966 22.828182534389242 465.8191094940927 46.382272488997586 48.628219774566716 0.22573275120286862 0.08203888721023729 0.494056587538354 0.04631562703108576 0.3106789035870493 0.13176397736864137 0.6799764682282589 0.035458341340429286
1410.0034315406547 0.2931 0.3103 0.4224 173.3861 2320.4401 0.3508215392461528 0.11000831170562195 22.384534708536158 449.6374740666763 45.609225281126896 48.27963366828088 0.20981729115059164 0.07777916862148691 0.49671032190752307 0.04087438829408927 0.30506713318399714 0.13852682827412383 0.7221997438641564 0.02435802263718664
1420.0034315406547 0.3103 0.3276 0.4397 116.1051 2244.5757 0.3636706596975179 0.11446916177880666 22.597944514850344 457.5084639670652 45.73966302281685 48.39943436539737 0.22810415290722372 0.08659680851857039 0.5188251321027049 0.045322642147866396 0.3034399084654261 0.13195033766322295 0.690177046705675 0.031230338784911847
1430.0034315406547 0.2759 0.2759 0.431 158.8821 2328.763 0.3551199922051067 0.11268604626353838 22.453025123148247 452.3814421468025 45.627127287493856 48.37263893511677 0.20581433591025522 0.08014595258919058 0.47748925931179215 0.05572840102709223 0.2963789781552627 0.12908579808379947 0.6875992293202094 0.028463869793124718
1440.0034315406547 0.3103 0.3276 0.4397 139.7084 2309.5531 0.36332807234930337 0.11390610348247188 22.57942323403103 456.33431355663043 45.71946512352843 48.65510795922035 0.22756362964993507 0.08669976694429074 0.5175957066547543 0.046287718965016114 0.3028673602928237 0.13216379533860015 0.6888747802738735 0.03274773712277975
1450.0034315406547 0.3017 0.319 0.4397 156.998 2235.0601 0.36582289101458043 0.11536007957041548 22.637161567384965 458.6507001985266 45.64638643943324 48.47014013969386 0.22537272667296687 0.08550591175419649 0.5126124763541992 0.04647606405536598 0.29650219976199416 0.12871886390244694 0.6743971602429671 0.03610507299276131
1460.0034315406547 0.2931 0.319 0.4397 151.5802 2275.9352 0.3621341796279694 0.11715916886233091 22.594026762848724 458.08646033833674 46.00023331965887 48.07632661777673 0.22698810578807216 0.08794343287351523 0.5162866719885563 0.04992168177528179 0.2904235837177337 0.12432641415187864 0.6605712884560218 0.036551627386550385
1470.0034315406547 0.2759 0.2931 0.431 227.274 2354.0415 0.34969332627171623 0.1115573474767362 22.37167436975078 449.6882913037663 45.7409468436902 48.136826890556115 0.21234605190023717 0.08459652768247101 0.4926428404085503 0.05763857920566691 0.30008351834423747 0.13182607082806327 0.696193762558631 0.02799028734378409
1480.0034315406547 0.2672 0.2931 0.3103 239.0188 2346.343 0.30639898509909574 0.079901466747878 21.577672282026462 415.4280038230975 43.0130086525255 47.40398576605639 0.19270836454802392 0.08718734668546294 0.6209491746547438 0.012959339303296055 0.21173892644060235 0.11204491200324039 0.6822698740863854 0.03794621788078156
1490.0034315406547 0.2414 0.2845 0.3448 224.6337 2291.9564 0.26148814341160354 0.054537124853870626 20.876631195932898 387.3847555905466 40.99165340345837 46.07917327826022 0.19691486382485465 0.0828890589875785 0.5710531050920784 0.025285374543539463 0.21627477352621152 0.11052574712100459 0.6271968432260133 0.061571792866946605
1500.0034315406547 0.25 0.2931 0.3448 223.7468 2274.4963 0.2731395471458686 0.06416137125355492 21.091135176626473 396.9142585382061 41.7598593269491 47.65422919613933 0.1963429701234743 0.08405189944213375 0.5693946133580754 0.029985245880999312 0.21812146011578115 0.11295899075743787 0.6325522343357655 0.0642133191972114
1510.0034315406547 0.2672 0.2759 0.3276 222.7997 2354.4584 0.2647761164531611 0.05832072134624235 20.944090128417457 390.6551966426243 40.87041220687805 47.03889536603508 0.19549809177541203 0.08702589394147965 0.5967836485775735 0.024532777629590264 0.19877414785237824 0.101152985091307 0.606784240812523 0.0601291268777004
1520.0034315406547 0.2414 0.2759 0.2931 170.1183 2364.3575 0.2502124575024531 0.05052424510480403 20.678089424228066 380.14383312229137 40.57293860740844 43.7837469672586 0.18135560453329008 0.08449754498466243 0.6187426507606367 0.015630211513323757 0.19536456388224774 0.10480873084169665 0.666537923833551 0.04167081821624254
1530.0034315406547 0.25 0.2845 0.3017 193.8914 2320.1274 0.25970774255515894 0.05220461038000202 20.821751773952304 384.8700209306358 40.86508124798014 43.07450557742043 0.18706788896427526 0.08540321139013106 0.6199964319958838 0.012555117360528778 0.20673242280318746 0.10938955863475157 0.6851703155762784 0.03254114040799561
1540.0034315406547 0.25 0.2759 0.2845 172.3857 2331.8879 0.24648340754355 0.05084334036388426 22.264137294141243 344.51953547659275 40.455454278038125 43.49433741878721 0.18112225611320792 0.08627227115672194 0.6366721730040037 0.010941395361480553 0.19350810946875843 0.10513475792974984 0.6802103241932115 0.036422544069786233
1550.0034315406547 0.2414 0.2586 0.2672 206.2011 2425.5247 0.24626796400026033 0.04697168530128449 20.622636327218036 377.5811964031173 40.47469613126955 42.47462017226832 0.16517493122513402 0.08077875312243372 0.6386764007371849 0.007487247597521741 0.18060462555414733 0.10202388686273649 0.6983378854760365 0.030557396206230804
1560.0034315406547 0.2241 0.2586 0.2586 178.8537 2403.1105 0.24360304428945262 0.04782349971875824 20.570424932184448 376.1889894115889 40.57490111140602 42.99778380640536 0.1671284348141374 0.08259234639835983 0.646229947947998 0.007235429620079872 0.17502439719557747 0.09749761648858692 0.6767610024895662 0.0353638916087364
1570.0034315406547 0.2328 0.2672 0.2845 208.9522 2286.5001 0.2423577908368151 0.04727549332149045 20.552474979389693 375.5692332110268 40.447916346502446 42.859446425991365 0.1788501203564379 0.08479695058571898 0.6286852715559634 0.013096659036782986 0.19197381843484457 0.10433965745531885 0.6748170587406658 0.038957574497315704
1580.0034315406547 0.2586 0.2845 0.2931 201.6967 2384.2095 0.25432550048898733 0.05114599082660996 20.733199072334713 381.9555293285242 40.749452607166056 43.392735983098746 0.1864884029522775 0.08671736978274032 0.6362545512489468 0.007359446183798584 0.19835288787419142 0.10478106438793157 0.6767333821590059 0.03159990028785749
1590.0034315406547 0.2241 0.2672 0.2759 217.6317 2445.4334 0.25153592037559575 0.05111900472246397 20.690767950766006 380.67373519021817 40.81120502350009 44.29340493940829 0.17354731173077872 0.08325912242479203 0.6291090050240729 0.01302142721989248 0.19098387093475452 0.10538525243195421 0.6923165321384851 0.03266824410323625
1600.0034315406547 0.2414 0.2672 0.2845 201.1061 2349.0335 0.2417080962691858 0.04614774261770711 20.546971757600428 375.09265604286566 40.30012275707595 42.9427427092365 0.17648925776175237 0.0854116923254714 0.6397735593863524 0.010891584657003647 0.19515320706323838 0.109183118387505 0.7074303756042392 0.03094338265874543
1610.0034315406547 0.25 0.2759 0.2845 176.2129 2330.5211 0.24155056921970597 0.04602034330815649 20.540268029014907 374.87108234473317 40.341333926501974 42.494102275320984 0.18288869939337218 0.08778013578404016 0.6428814887767023 0.010497737169050001 0.1997561582534763 0.11059370326796218 0.7021731623455532 0.03363789277161672
1620.0034315406547 0.2414 0.2759 0.2845 168.8056 2329.1697 0.2361494268114477 0.04401111345968233 20.45753022202946 371.90499583304 40.22768625580436 42.048502132157736 0.18464992039973885 0.08903380503230397 0.6490724474657485 0.009101249711974669 0.19897916057538825 0.10937562755089247 0.6994418977801526 0.032085160873558484
1630.0034315406547 0.2414 0.2759 0.3017 174.4668 2325.2023 0.243536810010579 0.046695326421302016 20.571394142930252 376.0280295366515 40.30954011491266 42.772643546552644 0.1848554098609879 0.08656383426010328 0.6306831630551352 0.011965302508951784 0.20514347607874892 0.1130572790241478 0.6999012713274964 0.03721249549661276
1640.0034315406547 0.2414 0.2759 0.2845 180.5047 2284.8384 0.2467134874545713 0.04709405209355752 20.62534461472913 377.75688573356257 40.38935006904679 42.735133509756665 0.1782896866367299 0.08358941102883403 0.6267152621169899 0.010581945305390644 0.1999164419286992 0.11004104592187743 0.702736583749367 0.031067709181336313
1650.0034315406547 0.2414 0.2759 0.2759 169.6086 2288.9317 0.24014634669314308 0.04480021797902668 20.521184777292454 374.03076897470163 40.42043971669403 41.942696655624104 0.1801011572542069 0.08489417025582977 0.6330828558026665 0.009351759909005525 0.19941619945903646 0.1094542522267134 0.7009781556741888 0.03078024469621439
1660.0034315406547 0.2414 0.25 0.2672 202.2607 2359.6118 0.23633905089011356 0.04405272984394269 20.456306680377978 371.9105236514134 40.368767270302136 41.98361088562663 0.1698721844854655 0.08309257617982199 0.6356507548488386 0.012579958850630405 0.19323228764466363 0.1114422658453676 0.7230627537671285 0.03132465401420411
1670.0034315406547 0.2241 0.2672 0.2759 204.9238 2350.8047 0.24266450771283662 0.046147203050322404 20.55114508058869 375.3134464675437 40.48729796247282 42.09542390229517 0.169699840275478 0.08232590673358778 0.6350058539340466 0.010261531850050139 0.18760247806774508 0.10531083026786689 0.7019963695438203 0.03055211688404336
1680.0034315406547 0.2328 0.2328 0.2672 193.687 2300.5031 0.23566553930685405 0.046894562922221356 20.441019249936808 372.1441561452103 40.51581255446584 43.91526759579743 0.17285723029421574 0.08451426755482029 0.6266074598165321 0.020025672581149713 0.18697624008941344 0.10255040765183841 0.6777888703241236 0.037030388966398646
1690.0034315406547 0.2328 0.2414 0.25 193.8131 2344.0894 0.23931891895447904 0.04601247469872393 20.502767338346082 373.82221130689237 40.39627819650195 43.30615303034207 0.16423429015040925 0.08383854014402274 0.6569371606016371 0.00910222140221276 0.17204807966581678 0.09604664449832456 0.6881923186632672 0.026584842853478258
1700.0034315406547 0.2414 0.2586 0.2586 234.7502 2325.2938 0.25163913532130416 0.054409497426671206 22.863440615843203 334.37347170664503 40.88037588274261 43.24446890343033 0.16135315336486475 0.07839469084391211 0.623898859677477 0.012342665018459788 0.18196156276962638 0.10407742310302781 0.7035847093758888 0.03305936402024385
1710.0034315406547 0.25 0.2586 0.2672 214.6625 2339.4431 0.2361223214368841 0.051235270704842836 24.106496479658258 291.70252479951284 40.39994967976649 43.6481462514826 0.1689684920213354 0.0816531325411413 0.6322691959508033 0.010308552398885142 0.18592312395673655 0.10446695252469831 0.695712334805853 0.033967787801381856
1720.0034315406547 0.2241 0.2672 0.2931 173.0238 2355.6898 0.22764670222434608 0.04906429949588904 24.716161095692026 268.6515307427071 40.274408341952 42.89134869595517 0.1776830008754014 0.08620913657304569 0.6441008781733302 0.009696949879790097 0.1928884299086795 0.10743283500477555 0.6992205584189631 0.03308275319327937
1730.0034315406547 0.2414 0.2672 0.2845 191.1844 2318.0084 0.2306430418243983 0.05150067813764439 25.340021008526378 254.6655876084737 40.45510622240533 43.14091794079629 0.176327861972054 0.08503215342970945 0.6391884996486957 0.010042946936822717 0.19296903941881483 0.10778988589888674 0.6995127678932036 0.03410177742974038
1740.0034315406547 0.2241 0.2672 0.2759 186.471 2297.99 0.22456904770179167 0.05031079091978503 25.625338771398503 241.72386690052988 40.28119029830265 43.409715692456885 0.1746047531000657 0.08594085914260971 0.6533597212776653 0.006214107058895991 0.19289159184353 0.11114890470057129 0.7217878920596608 0.031594824179330024
1750.0034315406547 0.2414 0.2672 0.2759 189.4541 2227.2944 0.23499772807405067 0.0547629129653489 26.55921681726919 223.41879036728508 40.39581450828253 43.535633868763895 0.17604194784527513 0.08481441674743752 0.6381520609391224 0.010224814590404032 0.18881408872075728 0.10316928005881543 0.684451071612745 0.03254228246713749
1760.0034315406547 0.2586 0.2759 0.2931 178.2424 2395.1847 0.23397140640299777 0.053515706174703824 26.759903665620197 216.8332555222016 40.48226443046144 43.025597962158 0.18975876144049275 0.08908036557818004 0.6474122449146223 0.005162608821371916 0.20463550405248054 0.1113561458708566 0.6981681902966984 0.03304899434233698
1770.0034315406547 0.25 0.2845 0.2931 195.8388 2315.4431 0.2371723225744181 0.056282636525498725 27.383102521649004 200.2836440724926 40.47612177291023 43.121158165089604 0.18771877065884507 0.08889977430029478 0.6404522763654713 0.011061548417125084 0.2029983603848579 0.10770311582108556 0.6925826413130447 0.02597638753893179
1780.0034315406547 0.2672 0.2845 0.2931 179.7376 2319.6123 0.2401562357650167 0.05755173998924559 28.01330417661731 182.55217116193995 40.52667463336725 42.780712080400214 0.1885494731988509 0.08617484764888145 0.6249068254590486 0.010770982582032565 0.20489251564335442 0.10733669033157728 0.6790723375608317 0.03157751131919349
1790.0034315406547 0.2586 0.2931 0.319 202.9886 2355.7145 0.23422190241547067 0.05457641623992376 27.956487080614856 180.07303070358765 40.368368389110174 42.61136725764586 0.19530056836872559 0.08837125745152939 0.629301831410338 0.009441547969495642 0.21298878548144376 0.11059211685682495 0.6862971976624299 0.02926299742227806
1800.0034315406547 0.25 0.3103 0.3103 188.6496 2280.8259 0.23061346079392447 0.05330248592455165 28.105806441486468 172.53587985163884 40.2783616425119 42.25927744303772 0.19979696151075196 0.09054150303152272 0.643790209312423 0.003488189569875993 0.21356939295696642 0.11173519617767567 0.6881680439724474 0.03119477280418298
#####################################################################
# End of data export. Simulation finished at: 2024-04-29T06:53+0000 #
#####################################################################
